200
367.264139,155.727519,-223.472726
408.751150,155.134222,-169.291330
411.761342,139.030026,-171.201203
370.274331,139.623321,-225.382600
459.087556,154.414365,-103.552759
464.337510,156.988285,-106.745683
467.075992,140.750858,-108.490308
462.097748,138.310152,-105.462633
372.577678,158.332607,-226.704321
414.064690,157.739272,-172.522925
431.949643,141.261073,-154.394884
416.755314,141.478381,-174.238445
362.999530,178.542185,-220.766965
404.486477,177.948861,-166.585529
407.496798,161.844687,-168.495482
366.009788,162.438000,-222.676879
454.822883,177.229028,-100.846958
460.475855,180.000452,-104.284991
463.196452,163.754262,-106.018739
457.833205,161.124816,-102.756912
368.765862,181.369270,-224.273941
410.252873,180.775919,-170.092544
428.137892,164.297729,-151.964543
412.943563,164.515038,-171.808103
252.928410,237.360724,67.010040
265.046237,210.427914,66.345355
279.667845,237.014929,54.793065
284.807635,139.396359,72.037842
302.368431,137.926966,61.176806
504.053198,134.912599,-61.942763
456.331111,135.625850,-32.810554
434.088191,86.762059,-19.453686
503.664824,87.035251,-61.921212
305.305448,63.391723,-45.258391
343.331138,62.823375,-68.471381
379.660643,87.540483,-90.535223
271.923855,89.150708,-24.766712
-141.207151,70.344020,331.625896
-175.264220,95.869400,352.528825
-232.208164,96.720492,387.290566
-232.411067,71.707151,387.301825
-198.584435,144.101117,366.980310
-238.243855,144.693854,391.190621
292.296160,-62.787004,54.942902
480.783633,2.572285,-47.980321
283.738423,2.270157,72.155928
277.117927,-63.293934,64.234722
-179.725653,-265.926986,299.914785
-52.721845,-267.326539,222.522871
-56.769322,-264.694065,217.205327
-183.773068,-263.294581,294.597202
-488.014184,100.379041,53.211844
-494.049876,148.352401,57.111898
437.536256,87.981023,-148.284101
313.987364,89.748024,-309.637051
314.375738,137.625361,-309.658603
376.150188,136.741872,-228.982125
437.924625,135.858358,-148.305660
363.749134,213.012473,-221.069355
420.420231,210.939053,-147.043829
425.447202,180.558609,-150.248983
225.240277,237.793355,-16.288501
200.655036,238.048931,-1.257524
-488.217089,75.365699,53.223103
279.009414,-71.250213,50.459059
108.893886,-273.780935,112.286840
104.921790,-265.633729,114.730012
275.037316,-63.103038,52.902232
-208.790554,222.121715,357.690813
-238.624092,213.131615,377.626844
-232.927801,9.157512,387.317785
-488.715145,12.815793,53.263456
-483.409061,-47.448521,60.857770
-239.210253,-50.941063,379.777651
483.582403,208.683797,-64.540075
453.311318,211.667669,-46.576333
-229.691767,96.647823,281.447286
-253.011983,144.879515,295.898773
-195.647325,69.565871,260.545059
-103.181547,69.775672,308.412958
-157.621721,68.997526,237.332121
247.940884,138.705378,-9.904731
-68.718668,94.276981,287.487511
-123.146217,95.055403,216.405973
-43.919602,240.581591,248.465390
-96.196518,241.329259,180.192545
-99.049236,142.578398,201.911373
-44.621689,141.800001,272.992910
398.883759,212.446093,-117.657887
162.558803,238.689805,-98.149573
137.961395,238.945557,-83.134454
-262.296383,222.886958,287.813026
-159.015682,242.227700,98.151621
-359.148260,217.246336,220.197736
-78.940850,-271.094517,-133.022437
-82.894141,-262.947578,-130.554702
11.008437,-264.953165,-7.912039
106.908694,-282.325803,122.561718
-191.027556,-279.111417,304.094258
-388.007279,-276.294207,46.841774
-242.142151,-277.915648,-42.352661
-45.002992,-280.735140,215.108041
268.030166,-63.105750,56.914178
152.816095,-61.457955,-93.553778
159.678211,-62.272356,-97.745998
-479.711212,216.579654,62.770780
48.285611,-67.950389,-250.862673
58.363879,-59.514048,-250.568248
282.400171,-62.718225,42.019698
-22.048649,5.934450,258.738447
-20.938015,142.840567,258.676880
-222.246040,-64.571178,366.703574
-22.494353,213.750647,242.044482
-39.942655,-67.864630,255.361352
-46.187495,-275.498553,216.894963
-28.449271,-55.688197,251.060833
-226.293541,-61.938738,361.386044
-43.990118,-65.232226,250.043798
99.590900,-265.961904,120.092311
-51.203160,-264.704147,213.836800
-192.738338,-262.773015,299.028697
-236.255882,-56.748823,367.375624
-35.265045,-65.468359,244.700735
98.613460,-276.965380,128.694927
27.961240,213.818713,-243.284000
28.860196,143.056930,-262.225572
409.859637,57.716774,-169.858445
326.313731,58.911652,-278.968108
307.536136,63.514980,-305.817380
431.085028,61.747979,-144.464428
429.259018,157.521990,-152.679365
487.738203,60.937747,-70.476256
397.760661,62.288622,2.610048
359.734972,62.856969,25.823038
497.213595,60.802229,-58.101539
403.068216,58.102445,-172.084109
326.172988,59.202204,-272.508094
320.223811,42.146319,-277.867970
321.356462,45.942528,-271.637992
400.349503,44.812767,-168.474296
406.422154,40.913507,-165.294262
286.193137,5.150387,-302.110247
419.194642,3.248194,-128.412331
326.351401,88.372284,46.314826
-90.424502,-279.503533,-135.152407
401.903564,136.404263,-103.892092
155.721551,4.101061,-95.032135
-276.885455,146.501139,-75.586533
-277.996003,9.595019,-75.524856
-469.421120,-53.414085,62.865414
-459.578456,-58.602286,56.719540
-259.759688,217.144024,-67.820387
-272.596476,-52.196393,-67.791659
229.260649,-62.332976,-27.375561
111.497334,-60.648720,-181.172637
471.122901,2.677097,-60.596718
-375.388476,-260.554090,44.350432
-383.265113,-260.048092,50.203663
-152.648012,-263.322700,91.989264
-474.417734,-58.631285,65.886971
-241.247450,-61.966096,370.403769
375.268304,142.071729,-228.419842
371.456552,165.108387,-225.989500
44.332341,-59.803486,-248.394911
-388.261747,-265.265292,53.225194
-197.729888,-267.990288,302.056867
-277.221220,-61.896545,-54.552429
-268.479118,-62.132922,-59.873250
328.787320,140.216725,-279.563998
325.777129,156.320919,-277.654123
275.440722,157.040889,-343.392693
278.450915,140.936675,-345.302568
283.429158,143.377382,-348.330243
280.690676,159.614809,-346.585617
331.090667,158.925971,-280.885718
333.781293,142.665081,-282.601238
318.586969,142.882390,-302.444792
324.522776,163.031386,-276.858275
321.512456,179.135560,-274.948323
271.176050,179.855552,-340.686893
274.186370,163.751340,-342.596846
279.549619,166.380788,-345.858674
276.829021,182.626977,-344.124925
327.278852,181.962618,-278.455338
329.969541,165.701737,-280.170896
314.775217,165.919047,-300.014450
22.995344,240.649236,-233.279002
45.449726,240.364726,-251.092189
27.704677,5.931961,-262.220200
70.545380,92.030831,-287.763897
46.562410,141.585513,-272.901916
248.247176,138.571147,-396.021485
247.858803,90.693798,-395.999934
178.282169,90.420608,-353.532409
200.525090,139.284400,-366.889277
158.354511,65.493420,-237.174051
124.972916,91.252407,-216.682374
232.709705,89.642182,-282.450885
196.380200,64.925073,-260.387042
-397.013172,74.002568,-2.452826
-431.070241,99.527948,18.450102
-454.390456,147.759664,32.901589
48.469060,-59.299779,-263.491533
33.260066,-59.806268,-254.239889
224.607476,6.236127,-382.542435
-379.481090,-263.070075,39.037261
-248.526671,-261.951543,-33.226818
-252.619222,-264.467599,-38.540025
312.084527,182.179928,-298.298890
307.057557,212.560371,-295.093737
75.267750,239.842223,-165.011388
99.877301,239.586300,-180.010616
-448.034192,225.543386,45.242306
214.152134,215.088134,-358.914543
243.873446,212.112126,-377.596280
-399.962921,146.981214,103.983111
-376.642706,98.749522,89.531626
-342.598264,71.667570,68.629398
-304.572660,71.099224,45.416460
-358.987568,73.434222,-25.665764
100.989946,140.807077,-201.820394
-270.097153,97.157102,24.490311
-324.524689,97.935528,-46.591212
-274.111826,243.873810,-52.162109
-300.427710,145.458551,-61.085812
-246.000175,144.680097,9.995711
-221.834913,243.126144,16.110738
268.579698,214.309708,-287.832983
-394.528357,224.778145,115.120103
37.601871,-59.810156,-244.021621
-463.670971,-61.118308,51.406333
-281.313786,-64.412531,-59.865627
-244.412349,-272.663532,-41.983640
-90.426887,-263.244263,-128.068003
-242.990804,-261.961192,-36.634907
-99.811107,-274.127504,-130.444501
315.896344,159.143307,-300.729271
250.882968,64.325260,-379.805545
141.954640,65.947169,-331.468675
103.928952,66.515517,-308.255685
241.407575,64.460780,-392.180262
254.952626,138.505962,-295.807753
234.267657,6.064611,-369.926019
463.062056,16.463852,-34.609304
488.230752,16.087690,-49.973672
499.621605,55.911859,-56.747255
463.294108,56.454821,-34.570937
477.257611,16.244626,-64.315240
476.255848,11.686690,-50.456445
469.116053,11.767576,-59.622508
454.363824,11.257704,-37.095742
488.326749,56.073472,-71.278516
490.023113,61.159812,-58.637130
454.684486,61.687974,-37.064472
437.474750,56.801078,-136.738118
430.758305,16.909643,-125.089048
419.786404,12.068789,-123.550732
428.451445,62.040731,-138.105257
482.718659,61.264282,-68.176635
204.285755,20.164882,-372.567166
204.517807,60.155851,-372.528800
240.845304,59.612886,-394.705118
229.454451,19.788719,-387.931534
240.438868,19.631616,-373.596870
232.565123,15.150738,-368.554377
225.590748,15.271713,-377.821204
203.698724,14.842727,-364.460503
251.910935,59.454700,-380.033928
204.019384,65.272997,-364.429232
239.358012,64.744835,-386.001890
301.769086,58.741946,-313.967626
299.945012,63.878636,-305.932678
281.375735,14.048345,-304.312933
286.986634,18.965871,-312.852634
246.662466,64.640367,-376.462384
-213.476822,73.813136,378.539299
-213.889824,74.131805,373.134609
-213.760834,90.033117,373.127451
-213.345282,90.028805,378.532001
-231.798500,90.304603,389.796868
-231.930040,74.088931,389.804167
-232.162000,45.493637,389.817040
-213.708782,45.217841,378.552171
-256.079233,45.836904,362.161201
-255.847272,74.432199,362.148329
-252.419554,74.380124,357.535865
-252.651515,45.784829,357.548738
-232.462300,8.473765,389.833702
-235.542402,8.437936,389.391732
-256.380191,8.735985,362.177902
-214.002998,8.947966,378.568497
-214.418561,8.952248,373.163934
-252.952472,8.683883,357.565438
-255.715733,90.647870,362.141030
-252.288015,90.595793,357.528567
-214.123039,45.383299,373.147536
-235.241445,45.538881,389.375030
-235.009483,74.134177,389.362159
-234.877944,90.349847,389.354861
-472.189501,77.513255,40.664525
-472.057983,93.728927,40.657198
-466.568592,93.648784,42.964415
-466.697579,77.747472,42.971572
-490.642739,77.789051,51.929366
-490.511201,94.004721,51.922065
-472.421462,48.917959,40.677397
-490.874701,49.193756,51.942237
-470.693270,48.906323,81.878576
-464.635649,48.816634,80.700723
-464.403688,77.411929,80.687851
-470.461309,77.501619,81.865704
-491.175002,12.173883,51.958902
-472.715679,12.648084,40.693722
-470.994228,11.805404,81.895275
-491.831974,12.103399,54.681500
-467.226307,12.567915,43.000913
-464.936606,11.715688,80.717424
-470.329769,93.717289,81.858404
-464.272149,93.627598,80.680553
-466.930784,48.998966,42.984514
-491.299054,77.799640,54.651928
-491.531015,49.204346,54.664800
-491.167516,94.015310,54.644629
135.629049,216.890171,-276.670958
335.780950,214.027590,-15.275661
357.321608,214.032746,-28.460968
157.208495,216.894774,-289.805611
158.554479,179.892911,-287.016712
136.975077,179.888310,-273.882086
358.667603,177.030885,-25.672056
337.126989,177.025731,-12.486774
-360.090042,224.299157,25.943470
-159.938142,221.436578,287.338768
-138.397505,221.441735,274.153475
-338.510617,224.303762,12.808831
-337.164633,187.301900,15.597730
-358.744035,187.297303,28.732356
-137.051510,184.439874,276.942387
-158.592123,184.434722,290.127669
144.506941,303.163615,-329.773372
136.163843,263.645874,-324.858744
127.228282,266.860473,-319.390072
130.293464,308.277030,-321.074638
165.609662,307.771937,-274.952184
179.823149,302.658523,-283.650946
118.065802,267.010584,-313.796728
115.719133,308.515726,-312.177523
151.035321,308.010633,-266.055125
135.410950,263.656642,-325.842009
126.475380,266.871240,-320.373351
117.312901,267.021351,-314.780005
133.799671,256.024778,-324.892856
125.883380,258.872694,-320.048004
117.766109,259.005686,-315.092720
134.710506,256.424253,-320.637166
128.383084,258.700580,-316.764735
121.894953,258.806866,-312.803979
137.784428,235.425550,-324.091900
114.309249,239.790012,-309.743240
120.124648,216.051443,-315.463002
114.511557,212.142999,-312.054432
109.639677,236.538516,-306.907625
126.534632,214.859667,-319.380946
124.823301,243.680899,-293.786133
125.674270,254.458520,-304.149776
120.272200,240.511922,-291.022458
118.111164,252.544625,-299.541959
112.221958,248.444042,-295.965715
112.312444,256.381966,-306.965844
104.850800,251.186511,-302.434731
106.166490,240.875177,-292.303600
97.178512,241.596734,-297.794823
95.478154,205.967647,-298.401206
92.769804,233.903070,-295.138431
95.707602,243.646275,-301.697603
90.191883,234.020673,-298.374202
102.341022,251.222408,-305.712462
92.414145,249.684322,-299.660139
86.188314,238.819358,-295.908870
99.901812,258.235904,-304.192030
93.167048,249.673553,-298.676860
86.941216,238.808589,-294.925592
100.654714,258.225135,-303.208751
76.113707,280.938427,-288.126972
66.210522,263.655959,-282.159976
88.024078,294.541078,-295.335693
101.526693,263.150863,-236.037569
111.429881,280.433334,-242.004564
123.340252,294.035986,-249.213286
157.354936,196.236245,-270.415647
136.737213,303.364324,-257.348643
101.421025,303.869419,-303.471041
109.077036,264.089594,-308.323239
108.324134,264.100363,-309.306517
109.802666,256.417860,-310.243576
193.054710,292.893919,-291.771287
157.738499,293.399016,-337.893712
204.725981,278.904973,-298.958260
169.409771,279.410068,-345.080686
144.482091,257.507184,-329.963715
151.819520,248.712727,-334.481981
143.729187,257.517951,-330.946995
151.066617,248.723494,-335.465261
141.169067,250.586295,-329.415528
147.669458,242.795073,-333.418361
143.678857,250.550401,-326.137781
150.179249,242.759177,-330.140614
148.793107,246.840318,-318.295533
141.714701,251.476336,-313.954089
153.923623,240.690981,-321.454819
151.163670,238.783759,-309.886025
155.128614,234.031500,-312.327573
141.852563,230.549575,-326.596991
158.709696,231.106463,-324.419323
156.243240,230.615548,-333.896664
153.016817,232.991479,-336.726454
159.408827,221.513680,-335.869871
156.977300,221.604089,-339.195144
157.102481,237.657650,-339.199291
161.572884,224.804003,-341.985829
157.855384,237.646882,-338.216011
162.325787,224.793236,-341.002549
179.010745,261.808038,-351.020237
186.121631,241.362361,-355.452669
214.326953,261.302943,-304.897813
221.437840,240.857268,-309.330244
225.748124,218.461389,-312.062000
227.069333,195.094193,-312.973633
190.431957,218.966482,-358.184451
191.753125,195.599287,-359.096057
165.035502,210.713619,-342.719902
165.866137,196.023354,-343.293037
164.282598,210.724388,-343.703183
165.113234,196.034121,-344.276317
159.377927,209.130517,-340.716603
160.113775,196.116013,-341.224338
161.327628,211.543678,-337.085962
162.623564,196.080119,-337.946592
151.166006,195.614240,-332.439058
166.096387,195.030547,-329.090459
165.073555,207.235384,-328.411197
165.578815,194.832211,-318.882697
165.337761,184.780583,-328.673540
164.992551,186.911083,-318.560504
150.564506,187.486896,-332.108493
162.560685,173.282228,-327.030201
158.143837,168.524904,-335.336252
150.412737,151.835662,-330.692402
136.402960,156.915870,-323.602062
154.821379,159.529321,-333.348754
129.377861,181.342522,-321.267329
133.244646,189.689840,-323.589995
133.967763,199.459487,-323.987401
131.424692,208.998564,-322.392203
123.764684,177.434097,-317.858665
117.354808,178.625758,-313.940788
131.733240,153.664512,-320.766353
108.258276,158.028997,-306.417824
144.551305,149.439927,-306.252075
133.376312,138.810040,-309.371573
125.696211,134.625591,-315.683193
149.102555,152.608833,-309.015841
119.208187,134.731870,-311.722502
112.880766,137.008192,-307.850072
140.939439,140.723882,-313.979402
135.278742,137.050433,-321.521342
124.805519,134.498562,-319.949929
132.768951,137.086328,-324.799088
116.688311,134.631495,-314.994683
146.828582,144.824511,-317.555608
142.740321,142.245941,-326.052415
152.884176,152.393324,-321.217801
140.230531,142.281835,-329.330162
146.864101,149.857914,-333.345114
142.669804,135.268284,-330.850635
150.157536,143.819874,-335.382565
134.247504,129.403881,-325.736159
143.422708,135.257515,-329.867356
150.910440,143.809106,-334.399286
135.000396,129.393113,-324.752893
156.053309,98.941636,-337.740351
167.963745,112.544225,-344.949111
142.656375,89.613282,-329.605010
203.279931,112.039133,-298.826714
191.369497,98.436540,-291.617954
177.972542,89.108187,-283.482600
163.674435,84.461873,-274.776118
149.100222,84.700633,-265.879137
128.358268,84.966968,-320.898529
113.784034,85.205727,-312.001534
126.011630,126.472075,-319.279365
116.849236,126.622174,-313.686073
125.258727,126.482844,-320.262644
116.096335,126.632943,-314.669351
107.160752,129.847603,-309.200708
108.772010,137.479467,-310.149848
107.913654,129.836834,-308.217429
101.402636,142.917953,-305.627188
103.912415,142.882058,-302.349457
98.842514,135.986280,-304.095722
110.257562,146.428256,-295.225869
117.335967,141.792222,-299.567312
118.211108,154.337087,-290.152287
105.127045,152.577575,-292.066582
114.246142,159.089257,-287.710728
104.190075,162.904836,-303.912695
100.340939,162.162088,-289.102080
91.348031,162.816898,-294.590573
88.182417,171.918772,-292.617350
86.263638,181.888765,-291.401273
94.876634,197.840322,-298.070627
112.464747,184.486956,-310.929569
109.921678,194.026038,-309.334373
110.644772,203.795580,-309.731765
89.447419,224.907486,-293.150976
103.795963,198.288653,-281.155616
104.382205,206.209793,-281.477797
96.489963,219.986297,-286.491209
93.712938,208.487926,-284.847902
92.954288,198.237997,-284.430969
85.928888,210.339013,-291.068884
84.967713,197.352347,-290.540651
83.419110,210.374907,-294.346617
82.457936,197.388241,-293.818383
86.035171,222.766276,-295.887653
78.543345,212.128981,-291.362610
77.458474,197.470132,-290.766403
81.496353,226.115828,-293.102134
79.296246,212.118214,-290.379332
78.211377,197.459365,-289.783123
82.249254,226.105059,-292.118856
54.050138,221.200746,-274.928524
52.324390,197.883484,-273.980105
58.747267,243.448990,-277.695451
87.640562,197.378389,-227.857696
89.366326,220.695653,-228.806126
94.063440,242.943897,-231.573045
88.961741,174.011176,-228.769311
93.272050,151.615302,-231.501081
57.955876,152.120397,-277.623488
53.645571,174.516269,-274.891718
79.042009,182.769086,-290.356257
81.751708,168.689463,-292.073600
78.289107,182.779853,-291.339536
80.998807,168.700232,-293.056879
83.193766,184.373664,-294.326106
85.594406,171.900160,-295.847575
93.977120,186.033161,-285.110231
89.554884,160.512754,-298.316262
85.469240,155.846642,-295.843437
97.412001,150.673274,-298.346610
94.902223,150.709170,-301.624342
91.505065,144.780748,-299.577442
86.222142,155.835875,-294.860158
92.257967,144.769979,-298.594165
65.066751,131.674727,-282.055913
74.667736,114.072683,-287.995470
109.983923,113.567588,-241.873073
100.382922,131.169632,-235.933505
121.655182,99.578642,-249.060039
134.886735,89.814048,-257.180375
99.570546,90.319142,-303.302773
86.338994,100.083738,-295.182437
99.595416,135.975511,-303.112443
213.183200,129.321602,-304.793759
220.646430,149.528568,-309.258271
185.330242,150.033659,-355.380709
177.867012,129.826695,-350.916156
157.136201,154.674118,-338.150510
161.828256,167.377591,-340.957303
156.383296,154.684884,-339.133790
161.075352,167.388360,-341.940583
152.379756,159.483508,-336.668476
156.536545,170.737912,-339.155071
161.662354,183.093373,-337.418336
159.152564,183.129267,-340.696083
164.028360,181.375197,-343.680108
164.781264,181.364429,-342.696827
190.027376,172.281951,-358.147639
225.343564,171.776858,-312.025200
445.278426,191.973358,-27.995920
443.552647,168.656023,-27.047501
408.236459,169.161115,-73.169938
409.962207,192.478452,-74.118358
307.170824,170.890339,56.208389
305.849645,194.257554,57.120003
270.533436,194.762650,10.997580
271.854615,171.395433,10.085965
438.855513,146.407720,-24.280571
403.539326,146.912815,-70.403008
307.575393,217.574818,56.171583
272.259199,218.079912,10.049150
431.392271,126.200767,-19.816073
396.076073,126.705861,-65.938484
312.272506,239.823069,53.404666
276.956314,240.328163,7.282231
421.489004,108.918299,-13.849028
386.172806,109.423392,-59.971439
319.735777,260.030029,48.940131
284.419578,260.535124,2.817721
409.578569,95.315706,-6.640269
374.262371,95.820800,-52.762678
329.638963,277.312497,42.973135
294.322765,277.817591,-3.149276
396.181615,85.987354,1.495086
360.865438,86.492446,-44.627339
341.549334,290.915150,35.764414
306.233137,291.420245,-10.357997
381.883505,81.341040,10.201567
346.567330,81.846132,-35.920856
383.818745,304.651102,10.025515
398.032232,299.537686,1.326754
362.716034,300.042780,-44.795659
348.502558,305.156195,-36.096923
354.946273,300.243491,27.629070
319.630097,300.748583,-18.493354
367.309305,81.579799,19.098563
331.993095,82.084892,-27.023863
411.263791,289.773086,-6.793588
375.947592,290.278178,-52.915999
369.244393,304.889796,18.922603
333.928205,305.394890,-27.199835
353.095805,86.693212,27.797310
317.779607,87.198307,-18.325101
422.935063,275.784138,-13.980561
387.618863,276.289232,-60.102973
339.864238,96.457808,35.917656
304.548056,96.962903,-10.204764
432.536036,258.182108,-19.920112
397.219837,258.687202,-66.042525
328.192978,110.446755,43.104623
292.876797,110.951847,-3.017799
439.646923,237.736438,-24.352544
404.330723,238.241532,-70.474956
318.591994,128.048799,49.044180
283.275796,128.553893,2.921771
443.957206,215.340554,-27.084300
408.641040,215.845648,-73.206752
311.481120,148.494469,53.476605
276.164924,148.999563,7.354194
340.247821,193.620504,-31.560400
419.391427,192.397426,-12.192912
418.306556,177.738500,-11.596702
332.567263,179.143156,40.743851
331.736633,193.833437,41.316982
415.353547,163.751662,-9.857178
332.821500,208.492291,40.720775
410.661493,151.048188,-7.050385
335.774508,222.479131,38.981253
404.435731,140.183164,-3.299160
340.466487,235.182668,36.174507
396.948000,131.631585,1.232769
346.692317,246.047634,32.423238
388.525678,125.767184,6.347259
354.179985,254.599207,27.891348
379.536912,122.846147,11.820747
380.753542,263.234543,11.710053
389.689146,260.019943,6.241397
362.602297,260.463666,22.776887
370.374497,122.996246,17.414053
398.007362,253.881254,1.136423
371.591084,263.384654,17.303384
361.438915,126.210906,22.882697
405.344812,245.086797,-3.381856
353.120666,132.349583,27.987667
411.380632,234.020954,-7.115859
345.783237,141.144051,32.505934
415.851078,221.167313,-9.902423
339.747398,152.209947,36.239948
418.560772,207.087691,-11.619765
335.276963,165.063535,39.026506
333.320164,179.132387,41.727130
332.489533,193.822668,42.300262
419.059458,177.727732,-10.613423
416.106449,163.740893,-8.873899
333.574402,208.481524,41.704054
411.414394,151.037419,-6.067107
336.527409,222.468364,39.964531
405.188633,140.172395,-2.315882
341.219389,235.171899,37.157784
397.700902,131.620817,2.216048
347.445220,246.036865,33.406516
389.278579,125.756417,7.330537
354.932887,254.588440,28.874626
380.289813,122.835378,12.804025
381.506443,263.223776,12.693331
390.442048,260.009176,7.224675
363.355188,260.452897,23.760150
371.127398,122.985477,18.397331
398.760264,253.870485,2.119702
372.343964,263.373887,18.286677
362.191805,126.200139,23.865961
406.097714,245.076028,-2.398577
353.873569,132.338816,28.970945
412.133534,234.010187,-6.132580
346.536138,141.133284,33.489212
416.603981,221.156546,-8.919145
340.500300,152.199178,37.223227
419.313674,207.076924,-10.636486
336.029867,165.052766,40.009785
420.144330,192.386657,-11.209632
388.830769,252.377312,8.173827
396.200164,246.938834,3.651155
364.833740,252.770395,22.823079
372.797195,255.358222,17.973950
371.719397,130.984031,18.071985
363.803084,133.832003,22.916807
402.700555,239.147605,-0.351678
380.914466,255.225230,13.018664
356.433689,139.270474,27.439479
408.047915,229.344017,-3.659771
349.933298,147.061706,31.442312
412.008398,217.956623,-6.128459
344.585938,156.865291,34.750406
414.409023,205.483053,-7.649919
340.625462,168.252680,37.219090
415.144850,192.468549,-8.157641
338.224826,180.726199,38.740557
414.183661,179.481803,-7.629399
337.488996,193.740775,39.248281
411.567643,167.090446,-6.088388
338.450185,206.727443,38.720039
407.410852,155.836044,-3.601792
341.066213,219.118812,37.179022
401.895177,146.210450,-0.278417
345.222937,230.373214,34.692466
395.261629,138.634371,3.736522
350.738655,239.998811,31.369064
387.800048,133.438861,8.267595
357.372074,247.574942,27.354205
379.836606,130.851096,13.116739
411.673883,179.517698,-10.907133
408.155366,164.949228,-8.825046
334.979217,193.776672,35.970550
335.940406,206.763339,35.442306
404.832899,155.953645,-6.837565
339.458935,221.331818,33.360213
400.424255,148.259988,-4.181212
342.781301,230.327401,31.372772
392.751838,138.670265,0.458775
347.190029,238.021058,28.716367
385.290258,133.474757,4.989849
354.862295,247.610836,24.076473
375.707729,131.049915,10.827997
378.394601,255.124906,9.746454
384.722002,252.848579,5.874037
362.323961,252.806289,19.545347
369.219684,131.156195,14.788701
393.690374,246.974728,0.373409
371.906469,255.231192,13.707211
362.892262,133.432516,18.661132
400.190766,239.183501,-3.629424
353.923911,139.306370,24.161747
406.254768,227.039874,-7.385460
347.423520,147.097600,28.164580
409.420357,217.938004,-9.358666
341.359526,159.241224,31.920630
411.339158,207.968009,-10.574758
338.193934,168.343096,33.893840
412.635072,192.504443,-11.435373
336.275141,178.313091,35.109927
402.124644,183.889074,-3.574828
389.344545,231.827727,4.441778
379.391682,235.519633,-11.823758
380.266803,248.064554,-2.408721
403.625624,203.823601,-16.865789
404.648455,191.618768,-17.545050
402.726146,192.016418,-3.905393
393.806827,191.568086,-20.820431
343.679123,149.165793,19.478799
338.893031,158.750306,22.443316
355.750192,159.307012,24.620942
346.436729,194.242498,30.463022
347.038250,202.369825,30.132444
332.610217,202.945667,16.584473
332.023953,195.024527,16.906665
393.412703,226.951756,1.936675
348.809662,143.016460,16.319499
392.475703,237.279199,-9.909437
397.261797,227.694684,-12.873954
393.220543,183.646957,-20.498224
355.888045,138.380441,11.978070
365.869365,236.192188,18.790397
342.474154,155.825118,10.351540
383.293358,150.066688,7.767325
359.818392,154.431161,22.115812
387.345187,243.428535,-6.750149
356.663243,249.132850,12.003422
364.226371,251.046738,7.395593
387.963101,153.318046,4.931605
372.779317,146.175800,-8.189807
377.330567,149.344697,-10.953573
361.199792,232.940700,21.626012
348.500213,237.247794,7.039808
344.718571,237.463396,19.241783
350.774037,245.032268,15.579667
379.491540,137.312100,-2.434034
371.928412,135.398257,2.173795
383.356626,230.767374,-14.265304
380.247971,211.231055,11.964768
385.138053,205.369944,8.953537
363.634996,190.397420,22.011354
364.358112,200.166962,21.613948
387.681102,195.830869,7.358352
377.478023,173.805480,13.487049
371.068147,174.997142,17.404925
373.837965,212.422824,15.882724
386.958007,186.061220,7.755746
383.091201,177.713903,10.078425
368.224897,208.514387,19.291281
366.178067,180.858338,20.416156
332.265016,205.076146,26.697502
331.506383,194.826215,27.114425
401.112785,169.870447,-15.484832
403.889828,181.368801,-17.128133
332.529218,182.621378,26.435161
346.439119,151.072961,7.909981
353.051313,240.416773,4.276134
385.380683,141.412729,-6.010239
391.436258,148.981543,-9.672420
335.042076,216.574513,25.054175
-351.692357,310.579782,-26.865796
-360.035434,271.062039,-21.951182
-368.971016,274.276638,-16.482498
-365.905834,315.693196,-18.167064
-330.589635,315.188104,27.955389
-316.376148,310.074686,19.256627
-378.133496,274.426749,-10.889153
-380.480144,315.931890,-9.269962
-345.163956,315.426796,36.852437
-360.788326,271.072808,-22.934448
-369.723919,274.287406,-17.465776
-378.886399,274.437518,-11.872431
-362.399604,263.440944,-21.985296
-370.315918,266.288861,-17.140430
-378.433168,266.421853,-12.185158
-361.488793,263.840418,-17.729591
-367.816216,266.116747,-13.857161
-374.304324,266.223031,-9.896418
-358.414871,242.841715,-21.184326
-381.890027,247.206177,-6.835678
-376.074628,223.467609,-12.555441
-381.687719,219.559163,-9.146870
-386.559622,243.954684,-4.000050
-369.664667,222.275833,-16.473371
-371.375997,251.097064,9.121443
-370.525006,261.874685,-1.242214
-375.927076,247.928088,11.885102
-378.088135,259.960790,3.365614
-383.977342,255.860208,6.941860
-383.886853,263.798134,-4.058269
-391.348477,258.602677,0.472830
-390.032807,248.291343,10.603975
-399.020766,249.012899,5.112738
-400.721144,213.383813,4.506370
-403.429472,241.319238,7.769130
-400.491697,251.062442,1.209970
-406.007437,241.436837,4.533386
-393.858255,258.638571,-2.804902
-403.785154,257.100487,3.247437
-410.010977,246.235524,6.998700
-396.297486,265.652070,-1.284454
-403.032251,257.089720,4.230715
-409.258076,246.224756,7.981980
-395.544584,265.641301,-0.301175
-420.085599,288.354593,14.780608
-429.988781,271.072124,20.747601
-408.175227,301.957245,7.571887
-394.672593,270.567031,66.869998
-384.769412,287.849500,60.903005
-372.859041,301.452151,53.694285
-338.844361,203.652410,32.491927
-359.462086,310.780491,45.558931
-394.778274,311.285583,-0.563467
-387.122262,271.505760,-5.415665
-387.875164,271.516527,-6.398943
-386.396632,263.834028,-7.336002
-303.144586,300.310086,11.136286
-338.460778,300.815179,-34.986149
-291.473329,286.321138,3.949320
-326.789520,286.826232,-42.173115
-351.717206,264.923352,-27.056140
-344.379756,256.128891,-31.574419
-352.470110,264.934121,-28.039420
-345.132659,256.139658,-32.557699
-355.030210,258.002460,-26.507966
-348.529840,250.211238,-30.510786
-352.520419,257.966564,-23.230220
-346.020029,250.175342,-27.233053
-347.406191,254.256482,-15.387957
-354.484576,258.892499,-11.046527
-342.275674,248.107149,-18.547244
-345.035606,246.199926,-6.978465
-341.070685,241.447665,-9.419998
-354.346713,237.965740,-23.689429
-337.489582,238.522629,-21.511761
-339.956058,238.031718,-30.989090
-343.182480,240.407644,-33.818879
-336.790457,228.929845,-32.962305
-339.221996,229.020255,-36.287569
-339.096830,245.073816,-36.291708
-334.626398,232.220167,-39.078265
-338.343926,245.063047,-35.308428
-333.873494,232.209400,-38.094985
-317.188536,269.224202,-48.112674
-310.077661,248.778525,-52.545099
-281.872327,268.719108,-1.990249
-274.761452,248.273431,-6.422673
-270.451147,225.877554,-9.154443
-269.129982,202.510359,-10.066048
-305.767355,226.382648,-55.276868
-304.446176,203.015454,-56.188481
-331.163794,218.129786,-39.812329
-330.333164,203.439519,-40.385460
-331.916698,218.140555,-40.795609
-331.086068,203.450288,-41.368742
-336.821357,216.546684,-37.809038
-336.085528,203.532179,-38.316760
-334.871662,218.959843,-34.178392
-333.575737,203.496285,-35.039014
-345.033270,203.030406,-29.531498
-330.102922,202.446714,-26.182877
-331.125754,214.651550,-25.503616
-330.620483,202.248377,-15.975123
-330.861537,192.196748,-25.765966
-331.206746,194.327248,-15.652929
-345.634793,194.903062,-29.200919
-333.638614,180.698396,-24.122628
-338.055459,175.941069,-32.428678
-345.786540,159.251829,-27.784841
-359.796337,164.332038,-20.694487
-341.377897,166.945486,-30.441193
-366.821436,188.758687,-18.359754
-362.954631,197.106005,-20.682434
-362.231536,206.875652,-21.079827
-364.774583,216.414729,-19.484642
-372.434592,184.850263,-14.951103
-378.844469,186.041925,-11.033226
-364.466058,161.080676,-17.858779
-387.941001,165.445164,-3.510263
-351.647971,156.856095,-3.344514
-362.822987,146.226206,-6.463998
-370.503066,142.041759,-12.775632
-347.096743,160.025003,-6.108267
-376.991110,142.148036,-8.814927
-383.318532,144.424356,-4.942496
-355.259837,148.140047,-11.071840
-360.920537,144.466597,-18.613780
-371.393779,141.914727,-17.042355
-363.430326,144.502491,-21.891526
-379.510986,142.047662,-12.087110
-349.370717,152.240678,-14.648033
-353.458976,149.662108,-23.144840
-343.315120,159.809490,-18.310228
-355.968765,149.698002,-26.422588
-349.335197,157.274081,-30.437538
-353.529472,142.684451,-27.943074
-346.041761,151.236041,-32.474990
-361.951794,136.820047,-22.828585
-352.776568,142.673685,-26.959794
-345.288859,151.225272,-31.491711
-361.198903,136.809280,-21.845320
-340.145975,106.357800,-34.832786
-328.235538,119.960392,-42.041547
-353.542922,97.029446,-26.697435
-292.919352,119.455299,4.080852
-304.829787,105.852706,11.289612
-318.226755,96.524354,19.424975
-332.524864,91.878068,28.131456
-347.099054,92.116799,37.028425
-367.841029,92.383160,-17.990954
-382.415243,92.621892,-9.093974
-370.187646,133.888245,-16.371803
-379.350041,134.038339,-10.778511
-370.940549,133.899010,-17.355082
-380.102943,134.049108,-11.761790
-389.038545,137.263773,-6.293133
-387.427289,144.895636,-7.242273
-388.285644,137.253004,-5.309855
-394.796662,150.334118,-2.719613
-392.286884,150.298222,0.558118
-397.356783,143.402448,-1.188147
-385.941715,153.844421,7.681693
-378.863331,149.208388,3.340262
-377.988168,161.753254,12.755275
-391.072233,159.993744,10.840979
-381.953135,166.505423,15.196834
-392.009224,170.321001,-1.005120
-395.858339,169.578253,13.805481
-404.851267,170.233068,8.317001
-408.016878,179.334937,10.290222
-409.935634,189.304932,11.506286
-401.322665,205.256485,4.836948
-383.734551,191.903121,-8.021995
-386.277599,201.442205,-6.426810
-385.554526,211.211748,-6.824191
-406.751864,232.323654,9.756588
-392.403335,205.704818,21.751960
-391.817051,213.625958,21.429753
-399.709306,227.402462,16.416348
-402.486360,215.904093,18.059673
-403.245008,205.654162,18.476604
-410.270404,217.755180,11.838686
-411.231570,204.768511,12.366915
-412.780182,217.791074,8.560955
-413.741348,204.804406,9.089183
-410.164119,230.182441,7.019918
-417.655957,219.545148,11.544966
-418.740827,204.886299,12.141175
-414.702946,233.531993,9.805442
-416.903056,219.534379,12.528244
-417.987926,204.875530,13.124453
-413.950044,233.521224,10.788721
-442.149145,228.616913,27.979042
-443.874914,205.299650,28.927474
-437.452012,250.865154,25.212112
-408.558726,204.794554,75.049871
-406.832956,228.111818,74.101440
-402.135823,250.360062,71.334510
-407.237538,181.427339,74.138251
-402.927231,159.031469,71.406484
-438.243419,159.536561,25.284085
-442.553725,181.932433,28.015855
-417.157292,190.185251,12.551319
-414.447598,176.105629,10.833979
-417.910193,190.196020,11.568041
-415.200500,176.116398,9.850700
-413.005501,191.789828,8.581448
-410.604874,179.316326,7.059988
-402.222176,193.449329,17.797342
-406.644392,167.928920,4.591299
-410.730053,163.262809,7.064136
-398.787254,158.089441,4.560938
-401.297032,158.125335,1.283206
-404.694235,152.196913,3.330132
-409.977151,163.252040,8.047414
-403.941331,152.186145,4.313411
-431.132555,139.090893,20.851667
-421.531539,121.488847,14.912090
-386.215373,120.983755,61.034499
-395.816367,138.585799,66.974065
-374.544123,106.994810,53.847539
-361.312565,97.230214,45.727199
-396.628751,97.735308,-0.395198
-409.860289,107.499903,7.725130
-396.603881,143.391681,-0.204868
-283.016099,136.737767,-1.886184
-275.552844,156.944734,-6.350710
-310.869038,157.449829,-52.473144
-318.332286,137.242861,-48.008582
-339.063082,162.090283,-35.242944
-334.371041,174.793759,-38.049730
-339.815986,162.101050,-36.226224
-335.123945,174.804527,-39.033010
-343.819521,166.899675,-33.760914
-339.662745,178.154077,-36.247503
-334.536926,190.509538,-34.510772
-337.046715,190.545433,-37.788520
-332.170936,188.791366,-40.772534
-331.418032,188.780598,-39.789254
-306.171922,179.698116,-55.240062
-270.855732,179.193023,-9.117628
-50.920906,199.389524,274.911676
-52.646682,176.072189,275.860093
-87.962876,176.577282,229.737658
-86.237125,199.894618,228.789238
-189.028519,178.306505,359.115992
-190.349686,201.673721,360.027598
-225.665895,202.178813,313.905173
-224.344685,178.811598,312.993541
-57.343795,153.823885,278.627011
-92.659988,154.328981,232.504576
-188.623918,224.990984,359.079165
-223.940126,225.496077,312.956741
-64.807060,133.616933,283.091522
-100.123258,134.122026,236.969110
-183.926826,247.239235,356.312262
-219.243035,247.744329,310.189837
-74.710312,116.334464,289.058557
-110.026510,116.839558,242.936147
-176.463553,267.446196,351.847724
-211.779751,267.951288,305.725314
-86.620765,102.731871,296.267327
-121.936947,103.236965,250.144907
-166.560350,284.728663,345.880718
-201.876547,285.233758,299.758309
-100.017706,93.403518,304.402674
-135.333882,93.908611,258.280249
-154.649979,298.331317,338.671997
-189.966176,298.836410,292.549587
-114.315814,88.757232,313.109155
-149.632010,89.262327,266.986745
-112.380574,312.067267,312.933103
-98.167087,306.953852,304.234341
-133.483286,307.458946,258.111929
-147.696784,312.572363,266.810678
-141.253046,307.659657,330.536658
-176.569222,308.164750,284.414234
-128.890016,88.995964,322.006150
-164.206224,89.501058,275.883726
-84.935536,297.189251,296.114006
-120.251721,297.694345,249.991585
-126.954927,312.305962,321.830189
-162.271115,312.811057,275.707752
-143.103514,94.109380,330.704898
-178.419712,94.614473,284.582487
-73.264278,283.200304,288.927040
-108.580460,283.705397,242.804617
-156.335093,103.873975,338.825251
-191.651293,104.379068,292.702841
-63.663277,265.598274,282.987471
-98.979476,266.103367,236.865059
-168.006344,117.862919,346.012211
-203.322542,118.368014,299.889801
-56.552404,245.152604,278.555048
-91.868603,245.657697,232.432636
-177.607339,135.464965,351.951776
-212.923536,135.970058,305.829367
-52.242096,222.756718,275.823277
-87.558305,223.261813,229.700852
-184.718203,155.910635,356.384194
-220.034400,156.415728,310.261784
-155.951521,201.036671,271.347201
-76.807905,199.813591,290.714684
-77.892773,185.154670,291.310891
-163.632084,186.559323,343.651456
-164.462698,201.249604,344.224577
-80.845782,171.167831,293.050415
-163.377828,215.908457,343.628368
-85.537823,158.464353,295.857200
-160.424818,229.895297,341.888843
-91.763589,147.599328,299.608428
-155.732826,242.598833,339.082089
-99.251320,139.047754,304.140357
-149.507002,253.463799,335.330826
-107.673643,133.183350,309.254846
-142.019335,262.015373,330.798936
-116.662408,130.262315,314.728335
-115.445778,270.650710,314.617640
-106.510174,267.436109,309.148983
-133.597023,267.879830,325.684473
-125.824824,130.412411,320.321640
-98.191957,261.297422,304.044011
-124.608235,270.800821,320.210973
-134.760406,133.627075,325.790284
-90.854507,252.502961,299.525732
-143.078654,139.765753,330.895254
-84.818670,241.437119,295.791718
-150.416103,148.560217,335.413534
-80.348237,228.583479,293.005161
-156.451946,159.626112,339.147550
-77.638535,214.503856,291.287816
-160.922350,172.479700,341.934089
-162.879182,186.548554,344.634735
-163.709796,201.238835,345.207856
-77.139870,185.143902,292.294169
-80.092880,171.157063,294.033693
-162.624925,215.897690,344.611646
-84.784922,158.453586,296.840479
-159.671916,229.884528,342.872122
-91.010686,147.588559,300.591706
-154.979924,242.588066,340.065367
-98.498417,139.036986,305.123635
-148.754100,253.453030,336.314104
-106.920739,133.172581,310.238125
-141.266434,262.004606,331.782213
-115.909505,130.251548,315.711613
-114.692876,270.639941,315.600919
-105.757272,267.425342,310.132262
-132.844133,267.869063,326.667738
-125.071921,130.401643,321.304918
-97.439055,261.286655,305.027290
-123.855355,270.790052,321.194264
-134.007514,133.616309,326.773548
-90.101606,252.492194,300.509010
-142.325751,139.754984,331.878533
-84.065768,241.426352,296.774996
-149.663201,148.549448,336.396812
-79.595334,228.572710,293.988439
-155.699044,159.615343,340.130829
-76.885634,214.493089,292.271094
-160.169447,172.468932,342.917367
-76.055003,199.802824,291.697961
-107.368552,259.793478,311.081415
-99.999155,254.355002,306.558743
-131.365580,260.186565,325.730666
-123.402126,262.774387,320.881537
-124.479922,138.400196,320.979573
-132.396235,141.248172,325.824395
-93.498785,246.563774,302.555923
-115.284853,262.641395,315.926252
-139.765631,146.686644,330.347067
-88.151425,236.760187,299.247830
-146.266023,154.477871,334.349899
-84.190949,225.372790,296.779144
-151.613380,164.281456,337.657992
-81.790308,212.899220,295.257676
-155.573863,175.668846,340.126682
-81.054462,199.884715,294.749943
-157.974491,188.142364,341.648142
-82.015653,186.897969,295.278186
-158.710337,201.156941,342.155877
-84.631697,174.506614,296.819211
-157.749129,214.143608,341.627621
-88.788489,163.252209,299.305808
-155.133109,226.534978,340.086612
-94.304143,153.626615,302.629173
-150.976383,237.789378,337.600054
-100.937692,146.050538,306.644109
-145.460665,247.414976,334.276651
-108.399271,140.855027,311.175183
-138.827245,254.991107,330.261793
-116.362736,138.267263,316.024341
-84.525432,186.933863,292.000454
-88.043962,172.365394,294.082546
-161.220116,201.192837,338.878144
-160.258907,214.179505,338.349890
-91.366421,163.369812,296.070023
-156.740389,228.747988,336.267806
-95.775064,155.676152,298.726376
-153.417998,237.743567,334.280347
-103.447481,146.086433,303.366363
-149.009312,245.437225,331.623967
-110.909061,140.890923,307.897437
-141.337024,255.027004,326.984060
-120.491590,138.466086,313.735584
-117.804718,262.541072,312.654043
-111.477318,260.264743,308.781625
-133.875358,260.222459,322.452934
-126.979636,138.572360,317.696290
-102.508945,254.390898,303.280997
-124.292849,262.647357,316.614799
-133.307057,140.848684,321.568719
-96.008575,246.599668,299.278177
-142.275410,146.722539,327.069335
-89.944551,234.456042,295.522128
-148.775801,154.513765,331.072168
-86.778960,225.354170,293.548919
-154.839792,166.657392,334.828218
-84.860167,215.384177,292.332833
-158.005379,175.759262,336.801425
-83.564242,199.920609,291.472211
-159.924181,185.729257,338.017516
-94.074696,191.305238,299.332773
-106.854774,239.243891,307.349366
-116.807637,242.935800,291.083829
-115.932539,255.480718,300.498881
-92.573675,211.239768,286.041785
-91.550860,199.034933,285.362534
-93.473175,199.432582,299.002195
-102.392492,198.984251,282.087159
-152.520196,156.581963,322.386387
-157.306290,166.166472,325.350905
-140.449129,166.723179,327.528530
-149.762569,201.658663,333.370597
-149.161070,209.785991,333.040032
-163.589103,210.361833,319.492059
-164.175366,202.440692,319.814253
-102.786617,234.367925,304.844263
-147.389658,150.432625,319.227088
-103.723616,244.695368,292.998150
-98.937523,235.110856,290.033634
-102.978777,191.063121,282.409364
-140.311273,145.796608,314.885658
-130.329955,243.608353,321.697984
-153.725165,163.241283,313.259128
-112.905962,157.482854,310.674913
-136.380948,161.847326,325.023413
-108.854132,250.844702,296.157438
-139.536076,256.549016,314.911009
-131.972948,258.462903,310.303181
-108.236219,160.734216,307.839193
-123.420002,153.591968,294.717781
-118.868774,156.760863,291.954028
-134.999526,240.356865,324.533600
-147.699106,244.663964,309.947396
-151.480751,244.879563,322.149370
-145.425282,252.448434,318.487253
-116.707778,144.728267,300.473555
-124.270907,142.814426,305.081384
-112.842694,238.183540,288.642282
-115.951369,218.647222,314.872369
-111.061287,212.786110,311.861138
-132.564323,197.813588,324.918942
-131.841209,207.583130,324.521535
-108.518216,203.247033,310.265940
-118.721317,181.221646,316.394650
-125.131172,182.413306,320.312514
-122.361353,219.838990,318.790310
-109.241312,193.477386,310.663333
-113.108118,185.130068,312.986012
-127.974422,215.930553,322.198870
-130.021254,188.274503,323.323743
-163.934312,212.492310,329.605095
-164.692937,202.242379,330.022013
-95.086534,177.286615,287.422755
-92.309475,188.784966,285.779446
-163.670105,190.037548,329.342752
-149.760199,158.489127,310.817568
-143.148007,247.832940,307.183722
-110.818637,148.828895,296.897349
-104.763063,156.397708,293.235167
-161.157256,223.990680,327.961771
-391.588539,21.780322,183.785491
-333.842250,20.954431,259.201256
-331.642561,20.921558,257.858445
-389.388851,21.747447,182.442680
-333.391088,76.312822,259.179083
-391.141582,77.138772,183.757827
-388.941894,77.105897,182.415015
-331.191401,76.279947,257.836271
154.078031,229.539025,108.792308
42.454482,230.461005,176.796846
41.612753,99.316428,176.842134
136.048645,98.536406,119.308861
153.620245,153.646584,108.816704
4.660523,153.565228,199.596887
-82.993786,154.181790,85.147635
-103.217415,-115.626663,110.867980
-30.398389,-116.289363,205.953311
-45.223117,231.074725,62.317219
66.330957,230.144311,-5.777972
65.873155,154.251881,-5.753588
48.312233,99.143001,4.752493
-46.064853,99.930159,62.362492
5.064687,230.769847,199.575864
-82.589626,231.386394,85.126616
-67.729310,-116.138911,89.204234
5.103817,-116.800431,184.307932
-191.040363,-113.995064,-71.853347
-168.981146,102.328483,-98.190256
-81.333661,100.434602,16.301970
-118.224953,-115.416650,23.257700
-56.527870,232.551238,-166.255753
-57.076031,156.660107,-166.349386
-74.662984,101.550142,-155.877283
-168.012254,233.471231,-98.069469
-205.886791,156.576615,-75.374661
-226.514351,-113.484366,-50.171115
-153.712975,-114.904438,44.921557
-118.262519,154.686231,39.087211
-80.364784,231.577350,16.422745
13.043210,99.647446,-41.308306
30.640857,154.755804,-51.766426
31.188992,230.646939,-51.672836
-205.355450,233.779401,-75.229595
-117.731208,231.889014,39.232253
162.858469,-62.319817,-99.687445
126.095654,-62.693950,-40.636178
106.989657,-62.555418,-65.586843
209.720804,48.485712,89.068637
210.033803,-10.762793,88.610895
280.760059,135.203918,46.097476
138.839408,-53.941936,-20.658930
203.968812,-54.263090,64.392424
207.460585,-52.006114,62.265904
142.331171,-51.684926,-22.785463
115.958089,-10.070203,-34.243483
129.650549,49.077006,-15.495873
220.154666,-63.386309,82.196346
276.023769,-63.119193,48.095709
195.686057,136.057683,-65.003852
185.763033,214.844908,-78.831668
-130.568972,219.572771,114.252368
-137.690050,204.674408,105.117995
80.349866,189.004087,-28.024720
96.868834,-9.931936,-59.172319
96.555809,49.316543,-58.714560
-148.205561,204.824808,91.384871
69.825576,189.154606,-41.769295
197.285776,-19.514691,68.628082
132.148219,-19.193449,-16.433980
200.777549,-17.257685,66.501560
135.639994,-16.936415,-18.560503
49.706380,-59.882255,-247.471350
-6.162722,-60.149370,-213.370711
-16.596586,51.722645,-206.498401
54.442701,138.440849,-249.469603
-16.283605,-7.525834,-206.956172
63.464819,50.023647,-101.933433
139.510826,136.861118,-138.367935
150.709688,215.346244,-124.610892
59.301299,189.305125,-55.513840
-158.721080,204.975215,77.651792
-165.598838,220.073800,68.503901
125.648593,7.159736,28.535353
100.295341,-1.613428,38.311507
102.715198,0.918138,42.951534
127.128479,8.707924,31.373010
134.904817,7.027354,40.623839
115.430787,-1.829869,58.078165
124.065217,-17.387587,60.454731
140.185285,-2.487138,42.077251
142.534396,-13.254349,38.955849
127.906425,-34.993759,55.350749
125.157140,-46.410171,45.154492
140.853046,-20.236154,32.720253
117.389951,-45.917624,34.799762
136.102939,-19.934949,26.387713
130.063527,-13.075990,22.669086
107.514489,-34.702087,28.719195
101.162550,-16.678627,30.333301
126.178940,-2.053550,23.656222
146.546562,-43.264786,63.097010
141.105000,-65.860994,42.915775
131.651224,-73.193138,48.653245
137.092768,-50.596930,68.834482
82.442773,15.472058,35.109045
91.784289,25.244720,53.021215
89.844543,40.745989,59.410465
75.530116,25.770915,31.962857
256.650408,108.673153,-50.969649
258.130288,110.221339,-48.131989
112.400063,15.043636,74.232781
129.490005,-15.749457,78.936688
134.725201,-13.512189,87.107022
113.222521,25.231886,81.188548
125.165059,-65.633020,22.098459
106.185230,-42.687468,10.385724
96.731450,-50.019645,16.123197
115.711275,-72.965163,27.835934
93.046521,-7.760934,13.258080
83.592741,-15.093060,18.995553
146.898234,-78.456047,43.266767
153.744853,-50.025301,68.658888
144.291064,-57.357444,74.396365
137.444453,-85.788157,49.004240
99.298333,48.078144,53.672988
84.983907,33.103068,26.225380
144.178989,-6.180059,81.369544
122.676312,32.564017,75.451071
106.597490,32.500222,54.283056
121.853849,22.375791,68.495304
86.430810,-5.354142,5.951312
91.896562,22.804188,29.371567
102.962018,-49.298969,2.337287
126.842519,-78.169177,17.074312
138.943790,-8.417332,73.199213
76.977021,-12.686297,11.688790
93.508228,-56.631112,8.074764
117.388734,-85.501317,22.811786
101.238074,32.576873,47.283741
97.143708,25.168068,60.020529
132.487898,8.631274,38.372326
111.478725,0.792803,54.396565
116.978131,-42.946836,35.985451
123.777800,-43.392985,45.084828
119.572022,-42.455147,46.742171
113.683447,-42.068748,38.862033
257.005737,99.229126,-55.948411
261.065347,88.437464,-56.835910
266.929733,81.347727,-53.216909
271.854870,81.277289,-46.784755
273.536215,88.259091,-40.549148
271.187102,99.026289,-37.427767
265.906626,108.540771,-38.881172
263.489704,110.144686,-41.132675
115.241921,-4.253780,56.415044
122.824071,-17.915491,58.501982
126.193733,-33.378606,54.022080
108.281849,-33.116669,30.660352
102.728064,-17.270662,32.063230
101.949173,-4.063318,39.075609
103.846227,-2.079790,42.703299
112.136493,-2.196590,53.526011
112.179874,-8.560234,56.554225
109.490538,-6.778695,54.052293
102.311095,-6.677545,44.679733
100.668236,-8.395327,41.538129
101.342768,-19.832977,35.465345
106.152390,-33.555759,34.250433
121.664235,-33.782575,54.481902
118.746073,-20.391392,58.361534
-91.725246,-182.840672,126.617011
-56.237143,-183.350881,104.953236
-7.478000,-183.625547,168.616213
-42.975566,-183.116687,190.267676
-166.292818,-181.774168,29.232909
-215.024187,-180.655904,-34.425173
-179.545524,-181.164457,-56.101323
-130.804761,-182.284342,7.569077
-91.250848,-124.358490,126.590665
-42.501154,-124.634507,190.241352
-7.003591,-125.143298,168.589882
-55.762736,-124.868632,104.926905
-165.818422,-123.291988,29.206563
-130.330363,-123.802128,7.542734
-179.071093,-122.682277,-56.127625
-214.549779,-122.173688,-34.451503
-45.433171,-129.097942,171.606087
-45.086348,-86.344426,171.586843
-72.536001,-86.259716,135.747633
-72.882816,-129.013303,135.766888
-196.187221,-126.941748,-25.276380
-195.840423,-84.188196,-25.295659
-175.863713,-84.470937,-37.500636
-176.210530,-127.224453,-37.481386
-148.420270,-85.172448,-1.650284
-148.767089,-127.926002,-1.631032
-25.445838,-129.380800,159.414979
-25.099021,-86.627213,159.395731
-52.900810,-129.297189,123.568852
-52.553985,-86.543602,123.549608
-168.402243,-84.888598,10.547795
-168.749063,-127.642148,10.567046
-237.593755,-4.432472,-102.466157
-230.416860,-4.539734,-106.847330
-236.040367,-7.443654,-110.367830
-241.239248,-7.365953,-107.194146
-230.536323,-19.266827,-106.840701
-226.079987,-19.330562,-101.020793
-233.256880,-19.223298,-96.639619
-237.713218,-19.159563,-102.459527
-241.310280,-16.122525,-107.190203
-267.253051,-15.734765,-91.353297
-267.182018,-6.978193,-91.357239
-233.137416,-4.496206,-96.646248
-225.960522,-4.603470,-101.027422
-236.111398,-16.200226,-110.363889
-263.536525,-4.044740,-86.629250
-272.666498,-15.653857,-88.048628
-272.595467,-6.897286,-88.052569
-263.655989,-18.771829,-86.622621
-271.047453,-18.661360,-82.110462
-266.591114,-18.725094,-76.290554
-266.471650,-3.998004,-76.297182
-270.927988,-3.934269,-82.117090
-259.080188,-4.108474,-80.809342
-259.199652,-18.835565,-80.802713
-258.759758,213.798077,-68.669776
26.154442,210.503775,-242.481920
27.242831,142.512057,-261.264537
-275.083015,145.917727,-76.713080
10.214242,-71.512295,-237.751030
14.308652,-68.991601,-232.439816
-255.928975,-62.363539,-67.690150
-260.023378,-64.884199,-73.001367
-231.263232,-262.136523,-43.953278
-235.357638,-264.657147,-49.264494
-103.942491,-265.985694,-129.653117
-99.848070,-263.465036,-124.341909
31.587727,-58.789738,-253.367854
-270.847787,-51.265001,-69.005153
-276.186895,9.835275,-76.651824
26.094496,6.213169,-261.258909
-242.954911,-271.255352,-43.309320
-99.971073,-272.702926,-130.780716
38.776624,-58.894315,-249.217933
-97.097184,-272.399167,-126.715412
-244.106179,-270.891503,-36.786879
40.403139,141.614274,-249.308200
-270.246651,-47.843499,-60.544032
-268.679192,145.387108,-60.631014
30.047907,213.138416,-242.665541
-261.566548,216.597866,-64.651950
1.022231,-39.712573,-249.855808
13.628644,-39.894720,-238.894441
13.473362,-59.037153,-238.885824
0.866952,-58.855008,-249.847191
-6.670013,-39.596875,-242.975914
-11.395911,-39.519949,-221.348389
-16.890685,-39.443147,-233.834606
-17.045965,-58.585578,-233.825990
-11.551193,-58.662381,-221.339772
-6.825302,-58.739306,-242.967292
-6.856870,-62.630876,-242.965540
0.835384,-62.746574,-249.845441
-12.555636,-39.511783,-248.039928
-12.710926,-58.654250,-248.031307
-12.742494,-62.545819,-248.029555
-8.833133,-93.921452,-244.433258
-7.137866,-97.271021,-242.949947
-8.606067,-65.930667,-244.445863
0.554379,-97.386719,-249.829843
-12.769463,-65.870499,-248.028059
-12.996520,-93.861283,-248.015460
-34.434511,-65.557403,-266.668805
-34.661568,-93.548186,-266.656204
-36.129757,-62.207832,-268.152135
-36.410760,-96.847977,-268.136536
-28.437505,-62.323532,-275.032022
-28.718511,-96.963677,-275.016424
-5.050243,-62.661519,-254.909474
-5.331247,-97.301663,-254.893876
-5.018675,-58.769950,-254.911226
-13.023489,-97.185963,-248.013962
-4.863393,-39.627516,-254.919843
14.308641,-68.991603,-232.439830
-99.848083,-263.465069,-124.341924
-231.263237,-262.136522,-43.953297
-255.928991,-62.363539,-67.690139
20.667407,-8.126134,234.818907
24.264469,-11.163200,239.549583
29.463347,-11.240899,236.375900
27.844298,-8.233396,230.437735
27.724835,-22.960487,230.444365
20.547943,-22.853223,234.825536
16.091594,-22.789490,229.005615
23.268485,-22.896753,224.624441
-1.678320,-10.775438,255.386502
-1.749352,-19.532038,255.390444
24.193438,-19.919771,239.553525
23.387949,-8.169663,224.617812
16.211058,-8.062399,228.998985
29.392315,-19.997470,236.379842
-5.275382,-7.738402,250.655825
-7.091769,-10.694530,258.691171
-7.162800,-19.451130,258.695112
-12.786309,-22.355022,255.174614
-5.394846,-22.465491,250.662454
-12.666844,-7.627931,255.167984
-17.123194,-7.564196,249.348062
-17.242658,-22.291286,249.354690
-9.851194,-22.401756,244.842532
-9.731730,-7.674667,244.835901
-21.260655,210.401368,241.500333
-19.110817,142.256829,257.582665
283.214995,138.851131,73.031229
263.537722,207.108709,67.537020
251.489511,-74.963023,77.350805
-18.508017,-68.338360,242.413975
-22.552723,-65.701295,237.095640
247.444823,-72.325926,72.032460
-35.264741,-267.518917,212.053744
-39.309415,-264.881852,206.735389
96.326136,-268.849942,131.894623
92.281430,-266.212879,126.576288
275.605547,-62.279691,65.315723
282.152003,2.551024,73.148314
-20.214699,6.174348,257.643922
-26.543729,-54.759048,250.052182
-44.268363,-274.097047,216.172251
98.912951,-275.547478,128.958753
95.715034,-275.156846,125.094374
273.883732,-62.256826,57.828390
-51.491380,-273.646358,214.765016
275.510246,138.251776,57.738125
-35.139509,-51.206011,246.502271
-33.572050,142.024596,246.415291
265.155016,209.775919,64.380783
-26.459372,213.235366,242.394333
226.677494,-42.924885,89.571826
226.522206,-62.067317,89.580447
237.558646,-62.226942,98.683742
237.713944,-43.084511,98.675115
260.934753,-43.429853,89.585969
260.779473,-62.572287,89.594585
253.915397,-62.475964,75.127798
254.070688,-43.333531,75.119176
250.963167,-43.281555,93.489078
250.807877,-62.423988,93.497701
260.747905,-66.463855,89.596336
263.896682,-66.508007,96.331095
263.615677,-101.148152,96.346694
260.466909,-101.104000,89.611930
276.408739,-66.683456,123.092510
276.127743,-101.323602,123.108103
253.898117,-69.684356,100.235708
251.670734,-69.653123,95.471662
251.443668,-97.643940,95.484267
253.671053,-97.675174,100.248312
250.776309,-66.315556,93.499453
253.644083,-100.999855,100.249808
250.495313,-100.955701,93.515045
263.928249,-62.616440,96.329344
253.956653,-62.468140,100.232460
253.925085,-66.359710,100.234212
266.437145,-66.535157,126.995612
266.156151,-101.175302,127.011206
265.261733,-97.837701,125.039004
265.488790,-69.846883,125.026404
264.083530,-43.474006,96.320728
254.111934,-43.325674,100.223843
-22.552723,-65.701295,237.095640
-39.309396,-264.881852,206.735399
92.281455,-266.212913,126.576294
247.444843,-72.325926,72.032469
1699
0 1
1 2
2 3
3 4
4 5
5 6
6 7
7 8
8 9
9 10
10 11
11 12
12 13
13 14
14 15
15 16
16 17
17 18
18 19
19 20
20 21
21 22
22 23
23 24
24 25
25 26
26 27
27 28
28 29
29 30
30 31
31 32
32 33
33 34
34 35
35 36
36 37
37 38
38 39
39 40
40 41
41 42
42 43
43 44
44 45
45 46
46 47
47 48
48 49
49 50
50 51
51 52
52 53
53 54
54 55
55 56
56 57
57 58
58 59
59 60
60 61
61 62
62 63
63 64
64 65
65 66
66 67
67 68
68 69
69 70
70 71
71 72
72 73
73 74
74 75
75 76
76 77
77 78
78 79
79 80
80 81
81 82
82 83
83 84
84 85
85 86
86 87
87 88
88 89
89 90
90 91
91 92
92 93
93 94
94 95
95 96
96 97
97 98
98 99
99 100
100 101
101 102
102 103
103 104
104 105
105 106
106 107
107 108
108 109
109 110
110 111
111 112
112 113
113 114
114 115
115 116
116 117
117 118
118 119
119 120
120 121
121 122
122 123
123 124
124 125
125 126
126 127
127 128
128 129
129 130
130 131
131 132
132 133
133 134
134 135
135 136
136 137
137 138
138 139
139 140
140 141
141 142
142 143
143 144
144 145
145 146
146 147
147 148
148 149
149 150
150 151
151 152
152 153
153 154
154 155
155 156
156 157
157 158
158 159
159 160
160 161
161 162
162 163
163 164
164 165
165 166
166 167
167 168
168 169
169 170
170 171
171 172
172 173
173 174
174 175
175 176
176 177
177 178
178 179
179 180
180 181
181 182
182 183
183 184
184 185
185 186
186 187
187 188
188 189
189 190
190 191
191 192
192 193
193 194
194 195
195 196
196 197
197 198
198 199
199 200
200 201
201 202
202 203
203 204
204 205
205 206
206 207
207 208
208 209
209 210
210 211
211 212
212 213
213 214
214 215
215 216
216 217
217 218
218 219
219 220
220 221
221 222
222 223
223 224
224 225
225 226
226 227
227 228
228 229
229 230
230 231
231 232
232 233
233 234
234 235
235 236
236 237
237 238
238 239
239 240
240 241
241 242
242 243
243 244
244 245
245 246
246 247
247 248
248 249
249 250
250 251
251 252
252 253
253 254
254 255
255 256
256 257
257 258
258 259
259 260
260 261
261 262
262 263
263 264
264 265
265 266
266 267
267 268
268 269
269 270
270 271
271 272
272 273
273 274
274 275
275 276
276 277
277 278
278 279
279 280
280 281
281 282
282 283
283 284
284 285
285 286
286 287
287 288
288 289
289 290
290 291
291 292
292 293
293 294
294 295
295 296
296 297
297 298
298 299
299 300
300 301
301 302
302 303
303 304
304 305
305 306
306 307
307 308
308 309
309 310
310 311
311 312
312 313
313 314
314 315
315 316
316 317
317 318
318 319
319 320
320 321
321 322
322 323
323 324
324 325
325 326
326 327
327 328
328 329
329 330
330 331
331 332
332 333
333 334
334 335
335 336
336 337
337 338
338 339
339 340
340 341
341 342
342 343
343 344
344 345
345 346
346 347
347 348
348 349
349 350
350 351
351 352
352 353
353 354
354 355
355 356
356 357
357 358
358 359
359 360
360 361
361 362
362 363
363 364
364 365
365 366
366 367
367 368
368 369
369 370
370 371
371 372
372 373
373 374
374 375
375 376
376 377
377 378
378 379
379 380
380 381
381 382
382 383
383 384
384 385
385 386
386 387
387 388
388 389
389 390
390 391
391 392
392 393
393 394
394 395
395 396
396 397
397 398
398 399
399 400
400 401
401 402
402 403
403 404
404 405
405 406
406 407
407 408
408 409
409 410
410 411
411 412
412 413
413 414
414 415
415 416
416 417
417 418
418 419
419 420
420 421
421 422
422 423
423 424
424 425
425 426
426 427
427 428
428 429
429 430
430 431
431 432
432 433
433 434
434 435
435 436
436 437
437 438
438 439
439 440
440 441
441 442
442 443
443 444
444 445
445 446
446 447
447 448
448 449
449 450
450 451
451 452
452 453
453 454
454 455
455 456
456 457
457 458
458 459
459 460
460 461
461 462
462 463
463 464
464 465
465 466
466 467
467 468
468 469
469 470
470 471
471 472
472 473
473 474
474 475
475 476
476 477
477 478
478 479
479 480
480 481
481 482
482 483
483 484
484 485
485 486
486 487
487 488
488 489
489 490
490 491
491 492
492 493
493 494
494 495
495 496
496 497
497 498
498 499
499 500
500 501
501 502
502 503
503 504
504 505
505 506
506 507
507 508
508 509
509 510
510 511
511 512
512 513
513 514
514 515
515 516
516 517
517 518
518 519
519 520
520 521
521 522
522 523
523 524
524 525
525 526
526 527
527 528
528 529
529 530
530 531
531 532
532 533
533 534
534 535
535 536
536 537
537 538
538 539
539 540
540 541
541 542
542 543
543 544
544 545
545 546
546 547
547 548
548 549
549 550
550 551
551 552
552 553
553 554
554 555
555 556
556 557
557 558
558 559
559 560
560 561
561 562
562 563
563 564
564 565
565 566
566 567
567 568
568 569
569 570
570 571
571 572
572 573
573 574
574 575
575 576
576 577
577 578
578 579
579 580
580 581
581 582
582 583
583 584
584 585
585 586
586 587
587 588
588 589
589 590
590 591
591 592
592 593
593 594
594 595
595 596
596 597
597 598
598 599
599 600
600 601
601 602
602 603
603 604
604 605
605 606
606 607
607 608
608 609
609 610
610 611
611 612
612 613
613 614
614 615
615 616
616 617
617 618
618 619
619 620
620 621
621 622
622 623
623 624
624 625
625 626
626 627
627 628
628 629
629 630
630 631
631 632
632 633
633 634
634 635
635 636
636 637
637 638
638 639
639 640
640 641
641 642
642 643
643 644
644 645
645 646
646 647
647 648
648 649
649 650
650 651
651 652
652 653
653 654
654 655
655 656
656 657
657 658
658 659
659 660
660 661
661 662
662 663
663 664
664 665
665 666
666 667
667 668
668 669
669 670
670 671
671 672
672 673
673 674
674 675
675 676
676 677
677 678
678 679
679 680
680 681
681 682
682 683
683 684
684 685
685 686
686 687
687 688
688 689
689 690
690 691
691 692
692 693
693 694
694 695
695 696
696 697
697 698
698 699
699 700
700 701
701 702
702 703
703 704
704 705
705 706
706 707
707 708
708 709
709 710
710 711
711 712
712 713
713 714
714 715
715 716
716 717
717 718
718 719
719 720
720 721
721 722
722 723
723 724
724 725
725 726
726 727
727 728
728 729
729 730
730 731
731 732
732 733
733 734
734 735
735 736
736 737
737 738
738 739
739 740
740 741
741 742
742 743
743 744
744 745
745 746
746 747
747 748
748 749
749 750
750 751
751 752
752 753
753 754
754 755
755 756
756 757
757 758
758 759
759 760
760 761
761 762
762 763
763 764
764 765
765 766
766 767
767 768
768 769
769 770
770 771
771 772
772 773
773 774
774 775
775 776
776 777
777 778
778 779
779 780
780 781
781 782
782 783
783 784
784 785
785 786
786 787
787 788
788 789
789 790
790 791
791 792
792 793
793 794
794 795
795 796
796 797
797 798
798 799
799 800
800 801
801 802
802 803
803 804
804 805
805 806
806 807
807 808
808 809
809 810
810 811
811 812
812 813
813 814
814 815
815 816
816 817
817 818
818 819
819 820
820 821
821 822
822 823
823 824
824 825
825 826
826 827
827 828
828 829
829 830
830 831
831 832
832 833
833 834
834 835
835 836
836 837
837 838
838 839
839 840
840 841
841 842
842 843
843 844
844 845
845 846
846 847
847 848
848 849
849 850
850 851
851 852
852 853
853 854
854 855
855 856
856 857
857 858
858 859
859 860
860 861
861 862
862 863
863 864
864 865
865 866
866 867
867 868
868 869
869 870
870 871
871 872
872 873
873 874
874 875
875 876
876 877
877 878
878 879
879 880
880 881
881 882
882 883
883 884
884 885
885 886
886 887
887 888
888 889
889 890
890 891
891 892
892 893
893 894
894 895
895 896
896 897
897 898
898 899
899 900
900 901
901 902
902 903
903 904
904 905
905 906
906 907
907 908
908 909
909 910
910 911
911 912
912 913
913 914
914 915
915 916
916 917
917 918
918 919
919 920
920 921
921 922
922 923
923 924
924 925
925 926
926 927
927 928
928 929
929 930
930 931
931 932
932 933
933 934
934 935
935 936
936 937
937 938
938 939
939 940
940 941
941 942
942 943
943 944
944 945
945 946
946 947
947 948
948 949
949 950
950 951
951 952
952 953
953 954
954 955
955 956
956 957
957 958
958 959
959 960
960 961
961 962
962 963
963 964
964 965
965 966
966 967
967 968
968 969
969 970
970 971
971 972
972 973
973 974
974 975
975 976
976 977
977 978
978 979
979 980
980 981
981 982
982 983
983 984
984 985
985 986
986 987
987 988
988 989
989 990
990 991
991 992
992 993
993 994
994 995
995 996
996 997
997 998
998 999
999 1000
1000 1001
1001 1002
1002 1003
1003 1004
1004 1005
1005 1006
1006 1007
1007 1008
1008 1009
1009 1010
1010 1011
1011 1012
1012 1013
1013 1014
1014 1015
1015 1016
1016 1017
1017 1018
1018 1019
1019 1020
1020 1021
1021 1022
1022 1023
1023 1024
1024 1025
1025 1026
1026 1027
1027 1028
1028 1029
1029 1030
1030 1031
1031 1032
1032 1033
1033 1034
1034 1035
1035 1036
1036 1037
1037 1038
1038 1039
1039 1040
1040 1041
1041 1042
1042 1043
1043 1044
1044 1045
1045 1046
1046 1047
1047 1048
1048 1049
1049 1050
1050 1051
1051 1052
1052 1053
1053 1054
1054 1055
1055 1056
1056 1057
1057 1058
1058 1059
1059 1060
1060 1061
1061 1062
1062 1063
1063 1064
1064 1065
1065 1066
1066 1067
1067 1068
1068 1069
1069 1070
1070 1071
1071 1072
1072 1073
1073 1074
1074 1075
1075 1076
1076 1077
1077 1078
1078 1079
1079 1080
1080 1081
1081 1082
1082 1083
1083 1084
1084 1085
1085 1086
1086 1087
1087 1088
1088 1089
1089 1090
1090 1091
1091 1092
1092 1093
1093 1094
1094 1095
1095 1096
1096 1097
1097 1098
1098 1099
1099 1100
1100 1101
1101 1102
1102 1103
1103 1104
1104 1105
1105 1106
1106 1107
1107 1108
1108 1109
1109 1110
1110 1111
1111 1112
1112 1113
1113 1114
1114 1115
1115 1116
1116 1117
1117 1118
1118 1119
1119 1120
1120 1121
1121 1122
1122 1123
1123 1124
1124 1125
1125 1126
1126 1127
1127 1128
1128 1129
1129 1130
1130 1131
1131 1132
1132 1133
1133 1134
1134 1135
1135 1136
1136 1137
1137 1138
1138 1139
1139 1140
1140 1141
1141 1142
1142 1143
1143 1144
1144 1145
1145 1146
1146 1147
1147 1148
1148 1149
1149 1150
1150 1151
1151 1152
1152 1153
1153 1154
1154 1155
1155 1156
1156 1157
1157 1158
1158 1159
1159 1160
1160 1161
1161 1162
1162 1163
1163 1164
1164 1165
1165 1166
1166 1167
1167 1168
1168 1169
1169 1170
1170 1171
1171 1172
1172 1173
1173 1174
1174 1175
1175 1176
1176 1177
1177 1178
1178 1179
1179 1180
1180 1181
1181 1182
1182 1183
1183 1184
1184 1185
1185 1186
1186 1187
1187 1188
1188 1189
1189 1190
1190 1191
1191 1192
1192 1193
1193 1194
1194 1195
1195 1196
1196 1197
1197 1198
1198 1199
1199 1200
1200 1201
1201 1202
1202 1203
1203 1204
1204 1205
1205 1206
1206 1207
1207 1208
1208 1209
1209 1210
1210 1211
1211 1212
1212 1213
1213 1214
1214 1215
1215 1216
1216 1217
1217 1218
1218 1219
1219 1220
1220 1221
1221 1222
1222 1223
1223 1224
1224 1225
1225 1226
1226 1227
1227 1228
1228 1229
1229 1230
1230 1231
1231 1232
1232 1233
1233 1234
1234 1235
1235 1236
1236 1237
1237 1238
1238 1239
1239 1240
1240 1241
1241 1242
1242 1243
1243 1244
1244 1245
1245 1246
1246 1247
1247 1248
1248 1249
1249 1250
1250 1251
1251 1252
1252 1253
1253 1254
1254 1255
1255 1256
1256 1257
1257 1258
1258 1259
1259 1260
1260 1261
1261 1262
1262 1263
1263 1264
1264 1265
1265 1266
1266 1267
1267 1268
1268 1269
1269 1270
1270 1271
1271 1272
1272 1273
1273 1274
1274 1275
1275 1276
1276 1277
1277 1278
1278 1279
1279 1280
1280 1281
1281 1282
1282 1283
1283 1284
1284 1285
1285 1286
1286 1287
1287 1288
1288 1289
1289 1290
1290 1291
1291 1292
1292 1293
1293 1294
1294 1295
1295 1296
1296 1297
1297 1298
1298 1299
1299 1300
1300 1301
1301 1302
1302 1303
1303 1304
1304 1305
1305 1306
1306 1307
1307 1308
1308 1309
1309 1310
1310 1311
1311 1312
1312 1313
1313 1314
1314 1315
1315 1316
1316 1317
1317 1318
1318 1319
1319 1320
1320 1321
1321 1322
1322 1323
1323 1324
1324 1325
1325 1326
1326 1327
1327 1328
1328 1329
1329 1330
1330 1331
1331 1332
1332 1333
1333 1334
1334 1335
1335 1336
1336 1337
1337 1338
1338 1339
1339 1340
1340 1341
1341 1342
1342 1343
1343 1344
1344 1345
1345 1346
1346 1347
1347 1348
1348 1349
1349 1350
1350 1351
1351 1352
1352 1353
1353 1354
1354 1355
1355 1356
1356 1357
1357 1358
1358 1359
1359 1360
1360 1361
1361 1362
1362 1363
1363 1364
1364 1365
1365 1366
1366 1367
1367 1368
1368 1369
1369 1370
1370 1371
1371 1372
1372 1373
1373 1374
1374 1375
1375 1376
1376 1377
1377 1378
1378 1379
1379 1380
1380 1381
1381 1382
1382 1383
1383 1384
1384 1385
1385 1386
1386 1387
1387 1388
1388 1389
1389 1390
1390 1391
1391 1392
1392 1393
1393 1394
1394 1395
1395 1396
1396 1397
1397 1398
1398 1399
1399 1400
1400 1401
1401 1402
1402 1403
1403 1404
1404 1405
1405 1406
1406 1407
1407 1408
1408 1409
1409 1410
1410 1411
1411 1412
1412 1413
1413 1414
1414 1415
1415 1416
1416 1417
1417 1418
1418 1419
1419 1420
1420 1421
1421 1422
1422 1423
1423 1424
1424 1425
1425 1426
1426 1427
1427 1428
1428 1429
1429 1430
1430 1431
1431 1432
1432 1433
1433 1434
1434 1435
1435 1436
1436 1437
1437 1438
1438 1439
1439 1440
1440 1441
1441 1442
1442 1443
1443 1444
1444 1445
1445 1446
1446 1447
1447 1448
1448 1449
1449 1450
1450 1451
1451 1452
1452 1453
1453 1454
1454 1455
1455 1456
1456 1457
1457 1458
1458 1459
1459 1460
1460 1461
1461 1462
1462 1463
1463 1464
1464 1465
1465 1466
1466 1467
1467 1468
1468 1469
1469 1470
1470 1471
1471 1472
1472 1473
1473 1474
1474 1475
1475 1476
1476 1477
1477 1478
1478 1479
1479 1480
1480 1481
1481 1482
1482 1483
1483 1484
1484 1485
1485 1486
1486 1487
1487 1488
1488 1489
1489 1490
1490 1491
1491 1492
1492 1493
1493 1494
1494 1495
1495 1496
1496 1497
1497 1498
1498 1499
1499 1500
1500 1501
1501 1502
1502 1503
1503 1504
1504 1505
1505 1506
1506 1507
1507 1508
1508 1509
1509 1510
1510 1511
1511 1512
1512 1513
1513 1514
1514 1515
1515 1516
1516 1517
1517 1518
1518 1519
1519 1520
1520 1521
1521 1522
1522 1523
1523 1524
1524 1525
1525 1526
1526 1527
1527 1528
1528 1529
1529 1530
1530 1531
1531 1532
1532 1533
1533 1534
1534 1535
1535 1536
1536 1537
1537 1538
1538 1539
1539 1540
1540 1541
1541 1542
1542 1543
1543 1544
1544 1545
1545 1546
1546 1547
1547 1548
1548 1549
1549 1550
1550 1551
1551 1552
1552 1553
1553 1554
1554 1555
1555 1556
1556 1557
1557 1558
1558 1559
1559 1560
1560 1561
1561 1562
1562 1563
1563 1564
1564 1565
1565 1566
1566 1567
1567 1568
1568 1569
1569 1570
1570 1571
1571 1572
1572 1573
1573 1574
1574 1575
1575 1576
1576 1577
1577 1578
1578 1579
1579 1580
1580 1581
1581 1582
1582 1583
1583 1584
1584 1585
1585 1586
1586 1587
1587 1588
1588 1589
1589 1590
1590 1591
1591 1592
1592 1593
1593 1594
1594 1595
1595 1596
1596 1597
1597 1598
1598 1599
1599 1600
1600 1601
1601 1602
1602 1603
1603 1604
1604 1605
1605 1606
1606 1607
1607 1608
1608 1609
1609 1610
1610 1611
1611 1612
1612 1613
1613 1614
1614 1615
1615 1616
1616 1617
1617 1618
1618 1619
1619 1620
1620 1621
1621 1622
1622 1623
1623 1624
1624 1625
1625 1626
1626 1627
1627 1628
1628 1629
1629 1630
1630 1631
1631 1632
1632 1633
1633 1634
1634 1635
1635 1636
1636 1637
1637 1638
1638 1639
1639 1640
1640 1641
1641 1642
1642 1643
1643 1644
1644 1645
1645 1646
1646 1647
1647 1648
1648 1649
1649 1650
1650 1651
1651 1652
1652 1653
1653 1654
1654 1655
1655 1656
1656 1657
1657 1658
1658 1659
1659 1660
1660 1661
1661 1662
1662 1663
1663 1664
1664 1665
1665 1666
1666 1667
1667 1668
1668 1669
1669 1670
1670 1671
1671 1672
1672 1673
1673 1674
1674 1675
1675 1676
