17
0.000000,0.000000,0.000000
-4.308732,250.000000,35.091806
35.091806,250.000000,4.308732
4.308732,250.000000,-35.091806
-35.091806,250.000000,-4.308732
-4.308732,-250.000000,35.091806
35.091806,-250.000000,4.308732
4.308732,-250.000000,-35.091806
-35.091806,-250.000000,-4.308732
-173.615638,25.000000,-181.611152
-134.215100,25.000000,-212.394225
-134.215100,-25.000000,-212.394225
-173.615638,-25.000000,-181.611152
134.215100,25.000000,212.394225
173.615638,25.000000,181.611152
173.615638,-25.000000,181.611152
134.215100,-25.000000,212.394225
32
0 1
0 2
0 3
0 4
0 3
0 4
0 5
0 6
0 7
0 8
0 9
0 10
0 11
0 12
0 13
0 14
0 15
0 16
2 3
2 1
4 1
4 3
5 6
5 8
7 6
7 8
9 10
9 12
11 10
11 12
16 13
16 14
