1677
341.861619,90.120092,6.743765
340.783658,89.776749,65.977510
343.624744,80.457191,65.975189
344.702705,80.800533,6.741444
339.475762,89.360165,137.846121
344.361810,90.849702,137.943674
346.950020,81.453043,137.936304
342.316848,80.040597,137.843800
346.806845,91.627666,6.842500
345.728884,91.284301,66.076245
347.877758,81.748306,87.761933
348.272554,81.874063,66.067985
337.836587,103.323024,6.747052
336.758566,102.979665,65.980796
339.599772,93.660120,65.978477
340.677734,94.003472,6.744732
335.450670,102.563095,137.849407
340.711801,104.166928,137.954449
343.283366,94.765198,137.946746
338.291877,93.243528,137.847088
343.203220,104.959068,6.854200
342.125259,104.615694,66.087945
344.274194,95.079704,87.773634
344.668990,95.205462,66.079687
125.026220,137.361530,167.276745
132.952969,121.775413,172.438161
147.890339,137.161417,170.751818
142.492934,80.669189,185.843972
158.926891,79.818846,186.037115
346.860917,78.074421,189.447107
302.392492,78.487182,188.640244
281.776754,50.209525,188.101147
346.606742,50.367622,189.281868
213.962073,36.685025,109.050474
249.395195,36.356120,109.693395
283.190950,50.660002,110.391344
182.799589,51.591845,108.569780
-254.239032,40.708345,178.291422
-286.030389,55.479977,177.798499
-339.091930,55.972507,176.835717
-339.224722,41.497194,176.749388
-307.868366,83.391850,177.562884
-344.823832,83.734869,176.892342
155.729940,-36.335072,176.750924
325.299099,1.488591,188.875084
141.763814,1.313748,185.432314
141.573463,-36.628434,176.513574
-262.530892,-153.892932,136.984278
-144.255222,-154.702858,139.233381
-144.134262,-153.179436,133.431266
-262.409874,-152.369549,131.182163
-332.445295,58.089723,-188.395433
-338.177197,85.852084,-188.338809
348.324967,50.914944,94.865745
351.535151,51.937514,-81.533168
351.789326,79.644306,-81.367928
350.184235,79.133028,6.831532
348.579142,78.621735,95.030977
338.457512,123.271107,6.873989
336.978051,122.071211,87.797324
341.730463,104.489936,87.781893
149.304537,137.611895,93.041984
126.384116,137.759798,92.643080
-332.578088,43.614409,-188.481762
149.643745,-41.232762,167.254141
12.127546,-158.438041,133.443196
8.417077,-153.723223,133.389572
145.933274,-36.517962,167.200517
-309.622070,128.542659,165.964789
-338.283194,123.340055,166.729553
-339.556549,5.299486,176.520176
-332.910400,7.416547,-188.684307
-333.380449,-27.458635,-180.619153
-339.725492,-29.479782,168.039612
335.329440,120.766086,177.989120
307.379810,122.492864,177.097874
-284.616192,55.930453,100.088695
-306.454170,83.842312,99.853081
-252.833099,40.258027,100.576246
-218.805990,40.379440,178.934341
-217.400057,39.929124,101.219165
160.341088,80.269316,108.327312
-186.749047,54.558438,179.599922
-185.334851,55.008914,101.890118
-151.704256,139.225458,162.436565
-150.345940,139.658136,87.797361
-162.988508,82.510647,102.456212
-164.402704,82.060186,180.166015
308.794007,122.943341,99.388054
150.933212,138.130674,3.547480
128.013092,138.278679,3.131228
-308.231823,128.985508,89.570984
-148.713672,140.178067,-1.893755
-335.138407,125.721259,-5.370198
17.008079,-156.883401,-134.740866
13.297119,-152.168737,-134.767638
10.853569,-153.329378,-0.691320
5.748169,-163.382988,140.081700
-271.702912,-161.522811,134.790883
-266.584766,-159.892481,-146.450077
-130.589529,-160.830815,-144.094484
-135.711816,-162.462465,137.374111
139.536613,-36.519531,166.886507
142.530310,-35.565946,2.387655
148.926172,-36.037243,2.501318
-332.019002,125.335448,-177.486450
155.638666,-39.323142,-162.165470
161.807825,-34.441000,-157.249050
155.986666,-36.295269,162.622360
-143.131469,3.434288,180.198255
-142.404636,82.662365,180.670837
-322.559389,-37.367580,166.325346
-135.067447,123.698291,167.700533
-152.658285,-39.273513,169.367802
-137.347247,-159.432033,138.137266
-143.305763,-32.226966,171.561375
-322.438451,-35.844177,160.523230
-152.537311,-37.750131,163.565686
2.396088,-153.913139,134.851343
-138.962275,-153.185270,133.546996
-270.243422,-152.067717,130.263915
-331.675593,-32.840754,160.287073
-144.398715,-37.886782,163.700842
-2.515938,-160.280891,140.728681
139.113174,123.737681,-166.063748
149.143244,82.787575,-179.589091
341.761809,33.400911,66.076913
343.932590,34.092391,-53.207092
345.582996,36.756354,-81.729492
342.372811,35.733784,94.669422
345.334088,91.158559,87.770192
340.900786,35.264900,175.556900
247.982291,36.046656,187.404040
212.549170,36.375561,186.761119
340.654586,35.186475,189.085544
338.617801,33.624100,61.271453
340.615779,34.260535,-48.516944
339.566052,24.390231,-55.237018
337.162277,26.587111,-50.122414
335.109792,25.933314,62.661169
337.326351,23.676798,67.834049
330.354033,2.980548,-88.952952
326.898241,1.879742,100.942080
181.385392,51.141368,186.279583
10.875504,-161.749730,-141.663944
303.806689,78.937652,110.930441
145.090090,2.373299,2.654171
-135.754327,84.780752,-184.762226
-136.481161,5.552673,-185.234687
-325.617236,-30.910929,-172.618337
-316.376985,-33.913360,-172.553049
-128.902558,125.662051,-171.058853
-136.962059,-30.206246,-177.023716
157.365328,-36.072324,86.754601
160.425185,-35.097639,-81.383862
325.549930,1.549246,175.082091
-257.431111,-150.783617,-142.399809
-265.292944,-150.490794,-141.763745
-141.643051,-152.385822,-3.461050
-330.258863,-33.930142,-172.723912
-336.317351,-35.860009,160.188701
349.350516,82.217436,6.834240
345.746951,95.548835,6.845942
151.927706,-34.608499,-162.192212
-269.934571,-153.510007,-141.869348
-274.885181,-155.086972,130.165570
-146.477243,-35.819760,-169.433762
-138.339090,-35.956552,-169.274291
345.780667,81.143938,-52.492302
342.939581,90.463495,-52.489980
344.247476,90.880144,-124.358591
347.088563,81.560576,-124.360912
351.721735,82.973022,-124.268408
349.133524,92.369681,-124.261038
347.884806,91.971048,-52.391245
350.428477,82.560811,-52.399505
350.823273,82.686568,-74.093445
341.755695,94.346867,-52.489013
338.914489,103.666412,-52.486694
340.222385,104.083074,-124.355305
343.063591,94.763507,-124.357624
348.055081,96.285178,-124.257966
345.483515,105.686908,-124.250263
344.281182,105.302441,-52.379545
346.824912,95.892209,-52.387803
347.219708,96.017967,-74.081743
131.000595,139.264604,-161.013879
153.976053,139.099957,-163.656858
148.416366,3.432848,-180.123974
188.032027,53.258583,-178.951567
165.573526,81.936061,-179.194035
353.507551,80.191636,-175.784043
353.253377,52.484837,-175.949282
288.423389,52.326741,-177.130004
309.039127,80.604398,-176.590906
217.780315,37.901285,-100.761084
186.617831,52.808106,-101.241780
287.009192,51.876263,-99.420216
253.213436,37.572380,-100.118164
-247.592397,42.825560,-186.939728
-279.383754,57.597192,-187.432651
-301.221732,85.509065,-187.668265
162.065325,-34.317002,-171.377129
147.909648,-34.610109,-171.658400
331.955351,3.608870,-176.884534
-257.340625,-152.239627,-148.219752
-139.151810,-151.592328,-140.353366
-139.061267,-153.048379,-146.173307
344.675977,105.428199,-74.073485
339.923566,123.009474,-74.058054
129.642067,138.797583,-86.380629
152.561856,138.649479,-85.947016
-303.405777,130.522793,-175.619154
313.593908,124.472300,-164.365487
341.557823,122.750073,-164.259189
-302.635928,85.058573,-109.958479
-280.797951,57.146714,-109.722864
-249.014858,41.474288,-109.235313
-213.581816,41.145384,-108.592394
-212.159355,42.496656,-186.296809
164.159330,81.485577,-101.484248
-181.516608,56.225175,-107.921441
-180.102412,56.675653,-185.631228
-145.723147,141.130677,-166.224076
-157.756069,84.177402,-185.065135
-159.170266,83.726908,-107.355348
-147.081465,140.698000,-91.584872
312.179711,124.021822,-86.655660
-304.796025,130.079945,-99.225340
145.523854,-34.612359,-162.111185
-316.286419,-35.369391,-178.372973
-146.386713,-37.275770,-175.253703
-132.196751,-157.791396,-144.881447
7.333346,-152.340430,-136.449610
-133.979037,-151.597912,-140.280888
2.639749,-158.638602,-142.575178
348.279602,92.096821,-74.085185
347.055021,37.225266,-162.616962
254.628926,38.163871,-177.827111
219.195805,38.492776,-178.470031
347.301221,37.303692,-176.145606
307.624930,80.153913,-98.881118
331.704165,3.509613,-163.091784
307.509931,9.527692,190.454782
330.962641,9.310006,190.880323
341.486899,32.356400,191.205446
307.636189,32.670614,190.591237
331.253162,9.400825,175.205283
323.698945,6.763131,184.940810
323.805294,6.809940,174.863465
303.301206,6.514875,184.568165
341.670599,32.449926,175.240736
336.415806,35.393410,185.338205
303.486545,35.699059,184.740716
342.515936,32.870994,103.337068
332.484564,9.785673,108.780971
324.839370,6.984253,104.797075
337.544073,35.903201,98.122877
336.605599,35.453867,174.909153
314.233743,11.669492,-179.017233
314.360001,34.812414,-178.880778
348.210711,34.498198,-178.266569
337.686453,11.451805,-178.591692
337.406449,11.360889,-162.916477
329.951621,8.767788,-162.875919
330.212003,8.837797,-172.950308
309.814265,8.589541,-173.322954
347.813416,34.406655,-162.305736
309.999602,37.773725,-173.150404
342.928864,37.468076,-172.552914
346.041991,33.994182,-90.418872
340.883069,36.966803,-85.354243
328.435709,8.129829,-92.820977
336.220198,10.975620,-96.491338
342.739071,37.407620,-162.123862
-322.978788,42.715935,179.127890
-320.536456,42.900350,174.956437
-320.452037,52.102498,175.011317
-322.892701,52.100003,179.183856
-340.087790,52.259608,178.871857
-340.173877,42.875539,178.815891
-340.325686,26.327336,178.717201
-323.130597,26.167732,179.029199
-341.493314,26.525986,147.204316
-341.341505,43.074189,147.303008
-336.888037,43.044053,145.505774
-337.039846,26.495850,145.407084
-340.522219,4.903799,178.589433
-342.231709,4.883065,176.827756
-341.690279,5.055547,147.076270
-323.323149,5.178221,178.904020
-320.882485,5.180699,174.731466
-337.236810,5.025395,145.279037
-341.255418,52.458258,147.358973
-336.801950,52.428121,145.561740
-320.689078,26.263483,174.857201
-342.034744,26.353519,176.955802
-341.882935,42.901723,177.054494
-341.796848,52.285791,177.110460
-316.256629,44.857208,-190.253289
-316.170541,54.241277,-190.197354
-313.883307,54.194898,-185.939014
-313.967724,44.992750,-185.993894
-333.451717,45.016812,-190.565317
-333.365630,54.400880,-190.509353
-316.408438,28.309004,-190.351980
-333.603526,28.468609,-190.664009
-335.916975,28.302270,-159.214317
-331.531839,28.250367,-157.256666
-331.380030,44.798570,-157.157974
-335.765166,44.850474,-159.115626
-333.800061,7.045071,-190.791776
-316.600990,7.319493,-190.477160
-336.113939,6.831831,-159.342365
-335.572510,7.004282,-189.093791
-314.313755,7.273099,-186.218848
-331.728803,6.779912,-157.384712
-335.679078,54.234542,-159.059661
-331.293944,54.182638,-157.102008
-314.120347,28.355883,-186.093114
-335.223736,45.022940,-188.867052
-335.375545,28.474737,-188.965743
-335.137650,54.407008,-188.811087
223.277562,125.515145,-140.435468
218.076995,123.858559,145.334618
238.166864,123.861543,145.672540
243.366424,125.517809,-140.042168
242.816143,104.104694,-137.361361
222.727322,104.102031,-137.754660
237.616583,102.448429,148.353361
217.526754,102.445446,148.015442
-238.643710,129.802753,-148.816857
-243.844278,128.146168,136.953229
-223.754429,128.149152,137.291151
-218.554868,129.805418,-148.423557
-219.105149,108.392303,-145.742750
-239.193970,108.389643,-146.136049
-224.304710,106.736038,139.971972
-244.394538,106.733057,139.634053
255.381235,175.441907,-175.388869
247.696156,152.572844,-175.661312
239.362864,154.433144,-175.802150
242.125809,178.401059,-175.612959
241.208163,178.108760,-125.189659
254.463609,175.149608,-124.965585
230.825047,154.520014,-175.957022
228.545079,178.539193,-175.859276
227.627455,178.246894,-125.436022
247.715718,152.579075,-176.736266
239.382427,154.439375,-176.877118
230.844610,154.526245,-177.031989
246.231518,148.162487,-176.788878
238.848803,149.810587,-176.913662
231.284937,149.887550,-177.050867
244.675441,148.393665,-173.231156
238.774510,149.710984,-173.330907
232.728715,149.772492,-173.440575
248.328563,136.241638,-174.341065
226.444856,138.767368,-174.724641
232.948154,125.029770,-176.223637
227.726742,122.767939,-176.331771
222.101125,136.885715,-174.814598
238.923575,124.340085,-176.118892
225.059194,141.019039,-158.074343
230.772088,147.256088,-165.307102
220.825666,139.185140,-158.162017
223.729189,146.148510,-165.441692
218.250928,143.775487,-165.555144
223.805313,148.369193,-173.611102
216.864338,145.362564,-173.754846
212.625550,139.395357,-165.682909
209.736974,139.812925,-173.916724
208.974376,119.194240,-175.156041
205.646305,135.360573,-174.016978
210.765659,140.999002,-177.475811
205.647839,135.428630,-177.601239
216.929550,145.383338,-177.338222
207.683276,144.493242,-177.511651
201.906570,138.205647,-177.653226
214.640949,149.442074,-177.356344
207.663714,144.487010,-176.436682
201.887007,138.199415,-176.578258
214.621386,149.435842,-176.281376
191.703298,162.580108,-176.622253
182.514518,152.578680,-176.847451
202.770626,170.452013,-176.375212
181.596878,152.286379,-126.424198
190.785660,162.287809,-126.198998
201.852988,170.159714,-125.951958
233.767433,113.562642,-125.699238
214.315116,175.558058,-125.693872
215.232741,175.850358,-176.117127
222.456003,152.829626,-176.119124
222.475566,152.835858,-177.194092
223.870525,148.389965,-177.194478
266.814572,169.498796,-124.773574
267.732196,169.791097,-175.196859
277.721181,161.403341,-124.622019
278.638805,161.695641,-175.045304
255.460791,149.020361,-175.540585
262.317496,143.930976,-175.445307
255.480353,149.026592,-176.615555
262.337059,143.937207,-176.520276
253.110460,145.015217,-176.681937
259.184968,140.506408,-176.597528
253.045248,144.994445,-173.098544
259.119756,140.485635,-173.014135
252.331058,142.847406,-164.940320
245.725062,145.530287,-165.044986
257.125440,139.288762,-164.873699
249.613823,138.185046,-157.643915
253.318998,135.434896,-157.592430
252.130168,133.419893,-174.288240
261.606602,133.742166,-164.824302
264.797423,133.458072,-172.951548
264.189622,134.833032,-176.539339
267.767552,128.190787,-172.928031
267.905566,128.243107,-176.509916
267.986093,137.533362,-176.454595
272.180472,130.094909,-176.421384
267.966530,137.527131,-175.379626
272.160909,130.088678,-175.346414
287.624466,151.509281,-174.940828
294.296292,139.677292,-174.888000
286.706841,151.216981,-124.517545
293.378667,139.384993,-124.464716
297.445317,126.424415,-124.465841
298.728971,112.901732,-124.520871
298.362981,126.716714,-174.889125
299.646596,113.194032,-174.944154
274.717460,121.940752,-175.347121
275.524483,113.439441,-175.381717
274.737023,121.946984,-176.422092
275.544046,113.445672,-176.456686
270.170499,121.024605,-176.510542
270.885431,113.493063,-176.541191
269.577895,122.421110,-172.928532
270.820219,113.472291,-172.957799
260.886905,113.202685,-174.246078
268.570583,112.864900,-164.818592
267.590065,119.927884,-164.795492
263.144544,112.750122,-157.545122
267.886764,106.933208,-164.865422
262.616091,108.166136,-157.581312
260.344719,108.499361,-174.283210
265.324987,100.279067,-164.950615
266.708057,97.525986,-173.125074
259.541863,87.867860,-173.311474
247.217949,90.807795,-174.624654
263.632471,92.320209,-173.211222
241.648281,104.943589,-176.181777
245.232522,109.774213,-176.088546
245.884335,115.427944,-176.043910
243.493275,120.948243,-176.055423
236.426768,102.681769,-176.289882
230.451448,103.371388,-176.394626
242.874078,88.926222,-174.714612
220.990572,91.451966,-175.098184
243.653500,86.481439,-158.052106
238.208918,80.329884,-165.559729
236.550042,77.908328,-173.787624
247.887167,88.315297,-157.964429
230.504347,77.969832,-173.897290
224.603417,79.287148,-173.997041
245.251836,81.437432,-165.425139
245.473465,79.311593,-173.617097
238.124264,77.834816,-177.344085
245.538676,79.332366,-177.200490
230.560456,77.911745,-177.481289
250.730038,83.810481,-165.311688
252.414379,82.318253,-173.473354
256.355535,88.190581,-165.183921
252.479591,82.339025,-177.056746
258.643622,86.723330,-176.919156
254.768252,78.280257,-177.038625
261.725985,83.229094,-176.883317
246.933655,74.886505,-177.200875
254.748690,78.274025,-175.963655
261.706423,83.222862,-175.808347
246.914092,74.880274,-176.125921
266.599397,57.257891,-175.869789
277.666785,65.129760,-175.622747
254.137294,51.859538,-176.127874
276.749160,64.837461,-125.199494
265.681773,56.965590,-125.446535
253.219650,51.567238,-125.704620
239.907312,48.878399,-125.962471
226.326723,49.016570,-126.208831
240.824956,49.170699,-176.385725
227.244347,49.308870,-176.632085
238.545028,73.189858,-176.287994
230.007291,73.276721,-176.442865
238.564590,73.196090,-177.362963
230.026854,73.282953,-177.517832
221.693563,75.143289,-177.658701
223.177743,79.559877,-177.606089
221.674000,75.137057,-176.583733
216.298821,82.707149,-177.713029
216.233610,82.686376,-174.129654
213.928927,78.695764,-177.779412
216.650029,84.738574,-165.926510
223.256024,82.055684,-165.821844
219.099030,89.315444,-158.482530
211.855646,88.297208,-165.993131
215.393836,92.065542,-158.534017
217.188906,94.273632,-175.151012
207.374464,93.843801,-166.042545
204.481434,94.222742,-174.276649
201.511280,99.490030,-174.300167
199.700958,105.259702,-174.299666
208.432170,114.490927,-175.193172
225.881767,106.763285,-176.458124
223.490709,112.283587,-176.469637
224.142500,117.937257,-176.425001
202.570786,130.154795,-174.103124
205.568310,114.750378,-158.581324
206.096743,119.334371,-158.545135
203.656091,127.306885,-165.916231
201.094362,120.652735,-166.001424
200.410521,114.721063,-166.048254
199.325039,121.723966,-174.211065
198.458644,114.208534,-174.270399
199.390252,121.744738,-177.794442
198.523857,114.229306,-177.853775
201.799987,128.915669,-177.709019
194.843130,122.759827,-177.871307
193.865240,114.276697,-177.938280
197.563240,130.854067,-177.774884
194.823567,122.753596,-176.796339
193.845677,114.270466,-176.863311
197.543677,130.847835,-176.699917
171.279140,128.009691,-177.194343
169.723566,114.515905,-177.300874
175.605813,140.884832,-177.040968
168.805926,114.223605,-126.877620
170.361515,127.717392,-126.771088
174.688175,140.592533,-126.617714
170.089552,100.700912,-126.932650
174.156224,87.740337,-126.933774
175.073862,88.032637,-177.357028
171.007192,100.993211,-177.355903
194.652698,105.769147,-176.897907
197.209234,97.621217,-176.898614
194.672261,105.775378,-177.972875
197.228797,97.627449,-177.973582
199.238772,106.697722,-177.884424
201.503718,99.479259,-177.885051
201.391039,107.658079,-166.071354
205.219658,92.889325,-177.855628
201.423205,90.189029,-177.940371
210.159081,87.195182,-174.214063
210.224293,87.215955,-177.797439
207.072202,83.785155,-177.874690
201.403642,90.182798,-176.865403
207.052640,83.778923,-176.799723
181.745678,76.200652,-177.304201
190.731349,66.014284,-177.199724
189.813724,65.721984,-126.776471
180.828038,75.908352,-126.880947
200.720321,57.626529,-126.624916
213.071277,51.975722,-126.432905
213.988901,52.268022,-176.856160
201.637946,57.918830,-177.048170
213.909364,78.689532,-176.704444
285.938017,74.838890,-124.974293
292.846700,86.532736,-124.780778
293.764344,86.825034,-175.204062
286.855641,75.131189,-175.397547
267.483063,89.510485,-175.666772
271.826481,96.862032,-175.545112
267.502625,89.516715,-176.741742
271.846043,96.868264,-176.620082
263.761383,92.293697,-176.793729
267.609306,98.806662,-176.685947
269.953791,105.956813,-173.017133
270.019003,105.977585,-176.600526
274.566153,104.962498,-176.523660
274.546590,104.956267,-175.448689
298.091022,99.700203,-175.050687
297.173377,99.407904,-124.627403
293.059221,111.095693,187.030661
291.503628,97.601865,186.924115
292.421272,97.894164,136.500832
293.976846,111.387993,136.607363
164.419803,98.894872,184.618868
163.136177,112.417566,184.673898
164.053801,112.709867,134.250615
165.337427,99.187172,134.195584
287.176950,84.726690,186.770740
288.094595,85.018990,136.347457
164.691752,125.911353,184.780429
165.609390,126.203653,134.357146
280.268267,73.032851,186.577209
281.185892,73.325151,136.153941
169.018409,138.786498,184.933804
169.936050,139.078798,134.510521
271.079411,63.031423,186.352009
271.997036,63.323722,135.928741
175.927129,150.480341,185.127321
176.844753,150.772641,134.704053
260.012024,55.159552,186.104967
260.929648,55.451852,135.681699
185.115910,160.481769,185.352519
186.033535,160.774069,134.929251
247.549901,49.761200,185.846883
248.467546,50.053499,135.423614
196.183238,168.353675,185.599560
197.100863,168.645975,135.176292
234.237562,47.072361,185.589031
235.155207,47.364660,135.165764
235.538414,176.302721,186.361859
248.793860,173.343568,186.585933
249.711485,173.635868,136.162663
236.456059,176.595020,135.938575
208.645346,173.752020,185.857645
209.562991,174.044319,135.434377
220.656974,47.210532,185.342687
221.574599,47.502831,134.919402
261.144822,167.692758,186.777943
262.062446,167.985057,136.354674
221.957685,176.440854,186.115512
222.875329,176.733154,135.692228
207.401527,50.169683,185.118596
208.319152,50.461983,134.695328
272.051431,159.597302,186.929498
272.969055,159.889602,136.506228
195.050558,55.820491,184.926586
195.968197,56.112791,134.503318
281.037091,149.410942,187.033974
281.954716,149.703242,136.610704
184.143959,63.915946,184.775032
185.061600,64.208245,134.351763
287.708918,137.578957,187.086802
288.626542,137.871257,136.663532
175.158289,74.102314,184.670555
176.075913,74.394614,134.247288
291.775567,124.618376,187.085677
292.693232,124.910676,136.662393
168.486474,85.934299,184.617728
169.404100,86.226599,134.194460
229.015329,112.048903,135.428981
268.937108,111.341103,186.593085
267.959216,102.857928,186.526113
188.065308,103.670808,185.076865
187.258290,112.172128,185.111460
265.239106,94.763693,186.429690
188.236178,120.655261,185.178432
260.895689,87.412146,186.308030
190.956287,128.749497,185.274856
255.119048,81.124516,186.166455
195.299633,136.101081,185.396515
248.161316,76.175686,186.011147
201.076339,142.388677,185.538090
240.326698,72.781935,185.848897
208.034012,147.337504,185.693397
231.957654,71.091520,185.686794
232.775470,152.334805,186.172637
241.108781,150.474504,186.313507
215.868609,150.731288,185.855664
223.419897,71.178383,185.531924
248.873397,146.922022,186.434217
224.237673,152.421675,186.017766
215.086606,73.038719,185.391055
255.730122,141.832637,186.529495
207.321971,76.591194,185.270328
261.379115,135.428793,186.595176
200.465265,81.680585,185.175050
265.573534,127.990343,186.628388
194.816255,88.084460,185.109369
268.130066,119.842414,186.627680
190.621846,95.522879,185.076157
188.045745,103.664576,186.151833
187.238726,112.165896,186.186428
267.939653,102.851697,187.601081
265.219543,94.757461,187.504658
188.216615,120.649030,186.253400
260.876126,87.405914,187.382998
190.936724,128.743266,186.349823
255.099485,81.118284,187.241423
195.280071,136.094849,186.471482
248.141753,76.169454,187.086115
201.056777,142.382445,186.613058
240.307135,72.775704,186.923864
208.014449,147.331273,186.768365
231.938091,71.085288,186.761761
232.755907,152.328574,187.247605
241.089218,150.468273,187.388475
215.849047,150.725056,186.930616
223.400334,71.172151,186.606891
248.853834,146.915790,187.509185
224.218090,152.415444,187.092734
215.067043,73.032488,186.466007
255.710559,141.826405,187.604464
207.302409,76.584963,186.345296
261.359552,135.422562,187.670144
200.445702,81.674354,186.250017
265.553972,127.984112,187.703356
194.796692,88.078228,186.184337
268.110503,119.836183,187.702648
190.602284,95.516647,186.151126
268.917545,111.334871,187.668054
239.605019,146.051685,187.335862
246.483960,142.904418,187.442803
217.244025,146.279164,186.930230
224.658437,147.776749,187.073858
223.933957,75.800944,186.643435
216.551243,77.449076,186.518619
252.558468,138.395605,187.527212
232.222304,147.699786,187.211062
209.672302,80.596339,186.411678
257.563123,132.722232,187.585401
203.597794,85.105154,186.327269
261.279066,126.132305,187.614825
198.593139,90.778525,186.269080
263.543999,118.913804,187.614198
194.877202,97.368449,186.239657
264.258911,111.382262,187.583548
192.612259,104.586921,186.240284
263.392503,103.866784,187.524214
191.897344,112.118504,186.270933
260.982807,96.695860,187.438793
192.763752,119.633937,186.330267
257.134882,90.182896,187.331011
195.173457,126.804868,186.415689
252.017102,84.612529,187.205584
199.021320,133.317832,186.523469
245.853092,80.228224,187.067994
204.139140,138.888201,186.648896
238.912176,77.221563,186.924250
210.303030,143.272536,186.786485
231.497765,75.724014,186.780639
263.457716,103.887557,183.940837
260.211981,95.456729,183.832898
191.962555,112.139278,182.687557
192.828964,119.654710,182.746890
257.136397,90.250952,183.746733
196.074710,128.085543,182.854830
253.045788,85.798604,183.646481
199.150210,133.291320,182.940977
245.918303,80.248996,183.484601
203.240898,137.743668,183.041231
238.977388,77.242336,183.340858
210.368242,143.293308,183.203108
230.053967,75.839071,183.170331
232.278434,147.641728,183.627047
238.179345,146.324409,183.726798
217.309237,146.299936,183.346853
224.008252,75.900576,183.060665
246.549172,142.925190,183.859411
226.232639,147.703236,183.517379
218.107321,77.217891,182.960914
252.623680,138.416378,183.943820
209.737514,80.617112,182.828302
258.301347,131.388816,184.006422
203.663006,85.125926,182.743893
261.271477,126.121530,184.029941
197.985338,92.153486,182.681305
263.081820,120.351857,184.029439
195.015204,97.420773,182.657788
264.324123,111.403034,184.000172
193.204868,103.190446,182.658289
253.808405,106.417288,184.885813
241.792229,134.159564,184.827958
243.683751,136.296084,168.212290
239.526738,143.555876,175.551603
261.391701,117.953473,175.801111
262.372218,110.890491,175.778011
254.350592,111.120612,184.922946
257.214472,110.861161,168.311083
205.657301,86.322797,174.603457
201.176120,91.869390,174.554060
210.652593,92.191558,184.017981
201.895837,112.408853,183.975819
202.438043,117.112167,184.012951
200.166670,117.445409,167.311072
199.638217,112.861416,167.274881
245.593855,131.337822,184.880784
210.451704,82.764155,174.670078
250.927096,137.314351,175.722890
255.408277,131.767757,175.772288
256.685999,106.277174,168.274893
217.057679,80.081274,174.774744
219.908543,136.685294,184.444351
209.463763,90.176573,167.322189
236.337745,86.844148,184.454411
214.454259,89.369885,184.070807
246.132713,140.872995,175.656270
217.530845,144.174103,175.154896
224.573763,145.281677,175.289487
240.681636,88.725721,184.544371
237.723427,84.592477,167.804100
241.957094,86.426329,167.891776
215.564811,134.803646,184.354393
214.895594,137.296177,167.694188
206.427206,137.420947,174.913681
212.052583,141.801081,175.041445
239.053512,79.463021,175.171450
232.010594,78.355473,175.036859
247.388925,133.545934,168.263776
232.331314,122.240194,186.124399
236.901014,118.848347,186.187898
216.898428,110.183692,185.773654
217.550240,115.837362,185.818290
239.292054,113.328049,186.199410
229.834507,100.581875,185.953409
223.859187,101.271494,185.848665
226.355873,122.929875,186.019653
238.640261,107.674317,186.154775
235.056000,102.843694,186.061544
221.134482,120.668048,185.911520
219.289488,104.663390,185.785167
194.896006,118.678325,174.595181
194.212180,112.746652,174.548351
259.126662,98.304657,175.645974
261.688399,104.958797,175.731180
195.192701,105.683668,174.525251
213.168957,87.426482,167.373675
219.129121,139.130077,167.781862
244.531714,81.836070,175.284901
250.157192,86.216171,175.412668
197.457766,125.332473,174.680375
-206.987505,179.733670,-183.778376
-214.672564,156.864606,-184.050819
-223.005875,158.724906,-184.191658
-220.242930,182.692822,-184.002467
-221.160575,182.400523,-133.579167
-207.905129,179.441369,-133.355093
-231.543692,158.811776,-184.346529
-233.823640,182.830955,-184.248784
-234.741265,182.538655,-133.825529
-214.653001,156.870838,-185.125773
-222.986313,158.731138,-185.266626
-231.524130,158.818008,-185.421498
-216.137200,152.454250,-185.178386
-223.519936,154.102350,-185.303170
-231.083783,154.179313,-185.440374
-217.693299,152.685427,-181.620664
-223.594230,154.002747,-181.720416
-229.640004,154.064254,-181.830083
-214.040177,140.533400,-182.730573
-235.923863,143.059130,-183.114148
-229.420565,129.321533,-184.613144
-234.641977,127.059701,-184.721278
-240.267615,141.177479,-183.204106
-223.445165,128.631848,-184.508400
-237.309546,145.310801,-166.463850
-231.596631,151.547850,-173.696609
-241.543053,143.476903,-166.551525
-238.639550,150.440272,-173.831201
-244.117812,148.067250,-173.944652
-238.563426,152.660957,-182.000609
-245.504381,149.654327,-182.144354
-249.743189,143.687120,-174.072416
-252.631746,144.104687,-182.306232
-253.394364,123.486003,-183.545548
-256.722414,139.652337,-182.406485
-251.603080,145.290765,-185.865320
-256.720921,139.720392,-185.990747
-245.439169,149.675099,-185.727730
-254.685464,148.785004,-185.901158
-260.462163,142.497410,-186.042734
-247.727791,153.733837,-185.745851
-254.705026,148.778773,-184.826190
-260.481727,142.491178,-184.967765
-247.747354,153.727605,-184.670883
-270.665449,166.871871,-185.011760
-279.854226,156.870442,-185.236959
-259.598121,174.743776,-184.764719
-280.771850,156.578143,-134.813705
-271.583074,166.579572,-134.588507
-260.515746,174.451476,-134.341466
-228.601306,117.854404,-134.088746
-248.053623,179.849821,-134.083381
-247.135999,180.142120,-184.506635
-239.912736,157.121389,-184.508632
-239.893173,157.127620,-185.583600
-238.498214,152.681729,-185.583986
-195.554165,173.790559,-133.163082
-194.636525,174.082858,-183.586365
-184.647569,165.695103,-133.011528
-183.729928,165.987403,-183.434811
-206.907948,153.312125,-183.930092
-200.051223,148.222738,-183.834814
-206.888386,153.318357,-185.005062
-200.031660,148.228969,-184.909783
-209.258260,149.306979,-185.071444
-203.183772,144.798170,-184.987035
-209.323471,149.286206,-181.488051
-203.248964,144.777397,-181.403643
-210.037682,147.139168,-173.329827
-216.643658,149.822048,-173.434493
-205.243299,143.580526,-173.263206
-212.754895,142.476809,-166.033423
-209.049742,139.726658,-165.981938
-210.238551,137.711655,-182.677747
-200.762118,138.033929,-173.213809
-197.571316,137.749837,-181.341056
-198.179117,139.124794,-184.928846
-194.601174,132.482549,-181.317538
-194.463172,132.534870,-184.899423
-194.382659,141.825125,-184.844103
-190.188252,134.386671,-184.810892
-194.402221,141.818893,-183.769133
-190.207814,134.380440,-183.735922
-174.744257,155.801043,-183.330336
-168.072441,143.969054,-183.277508
-175.661882,155.508743,-132.907052
-168.990066,143.676754,-132.854224
-164.923397,130.716177,-132.855349
-163.639784,117.193495,-132.910379
-164.005771,131.008477,-183.278633
-162.722146,117.485795,-183.333662
-187.651277,126.232515,-183.736629
-186.844259,117.731203,-183.771224
-187.631715,126.238747,-184.811599
-186.824696,117.737435,-184.846195
-192.198226,125.316368,-184.900050
-191.483313,117.784826,-184.930699
-192.790837,126.712872,-181.318039
-191.548524,117.764054,-181.347306
-201.481814,117.494448,-182.635586
-193.798167,117.156663,-173.208099
-194.778685,124.219647,-173.185000
-199.224195,117.041885,-165.934630
-194.481975,111.224970,-173.254930
-199.752648,112.457898,-165.970819
-202.024021,112.791124,-182.672718
-197.043752,104.570831,-173.340124
-195.660681,101.817748,-181.514581
-202.826856,92.159623,-181.700982
-215.150790,95.099559,-183.014161
-198.736248,96.611971,-181.600729
-220.720458,109.235351,-184.571284
-217.136197,114.065975,-184.478054
-216.484405,119.719706,-184.433418
-218.875443,125.240005,-184.444930
-225.941951,106.973532,-184.679389
-231.917272,107.663151,-184.784133
-219.494661,93.217984,-183.104120
-241.378148,95.743729,-183.487692
-218.715219,90.773203,-166.441613
-224.159822,84.621647,-173.949237
-225.818677,82.200092,-182.177132
-214.481572,92.607062,-166.353937
-231.864392,82.261595,-182.286797
-237.765323,83.578910,-182.386548
-217.116883,85.729194,-173.814646
-216.895256,83.603355,-182.006605
-224.244475,82.126578,-185.733593
-216.830044,83.624127,-185.589997
-231.808282,82.203508,-185.870797
-211.638702,88.102244,-173.701196
-209.954360,86.610016,-181.862861
-206.013203,92.482344,-173.573429
-209.889147,86.630788,-185.446254
-203.725118,91.015093,-185.308663
-207.600467,82.572020,-185.428132
-200.642754,87.520857,-185.272824
-215.435084,79.178268,-185.590383
-207.620029,82.565790,-184.353162
-200.662317,87.514625,-184.197855
-215.454647,79.172037,-184.515430
-195.769329,61.549653,-184.259297
-184.701940,69.421523,-184.012255
-208.231445,56.151300,-184.517381
-185.619566,69.129224,-133.589001
-196.686953,61.257353,-133.836043
-209.149089,55.859001,-134.094127
-222.461428,53.170178,-134.351979
-236.041996,53.308333,-134.598338
-221.543783,53.462477,-184.775232
-235.124372,53.600632,-185.021593
-223.823691,77.481623,-184.677501
-232.361429,77.568483,-184.832372
-223.804129,77.487853,-185.752470
-232.341866,77.574715,-185.907340
-240.675176,79.435054,-186.048209
-239.190997,83.851641,-185.995597
-240.694739,79.428822,-184.973241
-246.069918,86.998911,-186.102537
-246.135130,86.978138,-182.519161
-248.439812,82.987528,-186.168919
-245.718691,89.030336,-174.316017
-239.112715,86.347447,-174.211352
-243.269689,93.607207,-166.872037
-250.513074,92.588972,-174.382639
-246.974884,96.357305,-166.923524
-245.179834,98.565394,-183.540519
-254.994256,98.135563,-174.432053
-257.887305,98.514507,-182.666157
-260.857456,103.781792,-182.689675
-262.667757,109.551465,-182.689173
-253.936570,118.782688,-183.582680
-236.486972,111.055047,-184.847632
-238.878011,116.575350,-184.859144
-238.226239,122.229021,-184.814509
-259.797939,134.446559,-182.492632
-256.800430,119.042140,-166.970831
-256.271957,123.626133,-166.934641
-258.712621,131.598647,-174.305738
-261.274377,124.944498,-174.390931
-261.958216,119.012825,-174.437762
-263.043694,126.015729,-182.600573
-263.910081,118.500296,-182.659906
-262.978482,126.036501,-186.183949
-263.844869,118.521068,-186.243282
-260.568745,133.207431,-186.098526
-267.525612,127.051590,-186.260815
-268.503503,118.568460,-186.327787
-264.805501,135.145829,-186.164391
-267.545175,127.045358,-185.185848
-268.523066,118.562228,-185.252820
-264.825064,135.139597,-185.089423
-291.089586,132.301454,-185.583850
-292.645179,118.807668,-185.690382
-286.762909,145.176594,-185.430475
-293.562803,118.515367,-135.267128
-292.007210,132.009154,-135.160595
-287.680533,144.884295,-135.007220
-292.279169,104.992673,-135.322158
-288.212500,92.032100,-135.323281
-287.294875,92.324399,-185.746536
-291.361545,105.284973,-185.745411
-267.716044,110.060909,-185.287415
-265.159513,101.912980,-185.288122
-267.696481,110.067141,-186.362382
-265.139950,101.919212,-186.363091
-263.129938,110.989484,-186.273932
-260.865004,103.771022,-186.274558
-260.977698,111.949843,-174.460862
-257.149061,97.181088,-186.245135
-260.945530,94.480792,-186.329878
-252.209618,91.486945,-182.603570
-252.144406,91.507717,-186.186946
-255.296538,88.076917,-186.264199
-260.965093,94.474560,-185.254910
-255.316100,88.070686,-185.189230
-280.623069,80.492415,-185.693708
-271.637369,70.306046,-185.589232
-272.555013,70.013747,-135.165979
-281.540693,80.200115,-135.270454
-261.648424,61.918293,-135.014424
-249.297463,56.267485,-134.822414
-248.379838,56.559785,-185.245667
-260.730780,62.210592,-185.437677
-248.459375,82.981297,-185.093951
-176.430723,79.130652,-133.363801
-169.522018,90.824499,-133.170285
-168.604379,91.116799,-183.593569
-175.513098,79.422952,-183.787055
-194.885662,93.802247,-184.056279
-190.542257,101.153796,-183.934620
-194.866100,93.808478,-185.131249
-190.522695,101.160027,-185.009590
-198.607337,96.585460,-185.183236
-194.759425,103.098424,-185.075455
-192.414932,110.248575,-181.406640
-192.349719,110.269348,-184.990033
-187.802585,109.254263,-184.913167
-187.822147,109.248031,-183.838197
-164.277719,103.991965,-183.440193
-165.195360,103.699666,-133.016911
-169.309550,115.387456,178.641153
-170.865140,101.893628,178.534607
-169.947501,102.185927,128.111323
-168.391925,115.679756,128.217855
-297.948979,103.186635,176.229360
-299.232593,116.709329,176.284390
-298.314968,117.001628,125.861106
-297.031314,103.478934,125.806077
-175.191799,89.018452,178.381233
-174.274159,89.310753,127.957949
-297.677000,130.203116,176.390921
-296.759375,130.495415,125.967638
-182.100503,77.324614,178.187701
-181.182878,77.616913,127.764432
-293.350362,143.078261,176.544296
-292.432737,143.370561,126.121012
-191.289345,67.323185,177.962501
-190.371720,67.615485,127.539233
-286.441639,154.772104,176.737812
-285.524015,155.064403,126.314544
-202.356748,59.451314,177.715458
-201.439109,59.743614,127.292190
-277.252843,164.773532,176.963011
-276.335218,165.065832,126.539744
-214.818859,54.052962,177.457374
-213.901214,54.345261,127.034106
-266.185515,172.645438,177.210052
-265.267890,172.937737,126.786784
-228.131197,51.364139,177.199523
-227.213572,51.656439,126.776256
-226.830345,180.594483,177.972351
-213.574899,177.635331,178.196425
-212.657274,177.927631,127.773155
-225.912721,180.886784,127.549067
-253.723413,178.043783,177.468137
-252.805768,178.336082,127.044869
-241.711786,51.502294,176.953178
-240.794161,51.794594,126.529895
-201.223945,171.984520,178.388436
-200.306307,172.276820,127.965166
-240.411074,180.732617,177.726003
-239.493430,181.024917,127.302720
-254.967232,54.461447,176.729089
-254.049607,54.753746,126.305820
-190.317348,163.889065,178.539990
-189.399708,164.181364,128.116720
-267.318213,60.112254,176.537078
-266.400589,60.404553,126.113809
-181.331662,153.702705,178.644466
-180.414037,153.995004,128.221196
-278.224802,68.207708,176.385523
-277.307178,68.500008,125.962255
-174.659848,141.870720,178.697294
-173.742223,142.163019,128.274024
-287.210483,78.394077,176.281047
-286.292858,78.686376,125.857780
-170.593176,128.910138,178.696169
-169.675551,129.202438,128.272885
-293.882288,90.226062,176.228219
-292.964664,90.518361,125.804952
-233.353451,116.340666,127.039472
-193.431663,115.632865,178.203577
-194.409552,107.149693,178.136605
-274.303477,107.962571,176.687357
-275.110480,116.463891,176.721952
-197.129662,99.055458,178.040182
-274.132589,124.947024,176.788924
-201.473067,91.703908,177.918522
-271.412478,133.041260,176.885347
-207.249712,85.416278,177.776947
-267.069120,140.392843,177.007006
-214.207444,80.467450,177.621639
-261.292420,146.680439,177.148582
-222.042062,77.073698,177.459388
-254.334748,151.629267,177.303889
-230.411106,75.383284,177.297286
-229.593289,156.626568,177.783129
-221.259978,154.766267,177.923998
-246.500150,155.023050,177.466155
-238.948863,75.470145,177.142415
-213.495362,151.213786,178.044709
-238.131086,156.713438,177.628259
-247.282154,77.330483,177.001546
-206.638637,146.124399,178.139988
-255.046788,80.882959,176.880819
-200.989628,139.720555,178.205668
-261.903513,85.972348,176.785541
-196.795221,132.282106,178.238880
-267.552527,92.376222,176.719860
-194.238682,124.134176,178.238172
-271.746907,99.814641,176.686649
-274.323040,107.956339,177.762325
-275.130043,116.457659,177.796920
-194.429114,107.143462,179.211573
-197.149225,99.049226,179.115149
-274.152151,124.940793,177.863892
-201.492630,91.697677,178.993490
-271.432041,133.035028,177.960315
-207.269274,85.410046,178.851915
-267.088682,140.386612,178.081974
-214.227006,80.461219,178.696607
-261.311983,146.674207,178.223550
-222.061624,77.067466,178.534357
-254.354311,151.623036,178.378856
-230.430668,75.377053,178.372254
-229.612852,156.620336,178.858097
-221.279541,154.760036,178.998966
-246.519713,155.016819,178.541107
-238.968425,75.463914,178.217383
-213.514925,151.207555,179.119677
-238.150669,156.707206,178.703226
-247.301716,77.324253,178.076499
-206.658200,146.118168,179.214955
-255.066351,80.876727,177.955788
-201.009191,139.714324,179.280636
-261.923076,85.966116,177.860509
-196.814783,132.275874,179.313848
-267.572090,92.369990,177.794828
-194.258245,124.127945,179.313140
-271.766469,99.808410,177.761617
-193.451226,115.626634,179.278544
-222.763741,150.343448,178.946353
-215.884799,147.196182,179.053295
-245.124734,150.570929,178.540721
-237.710323,152.068511,178.684349
-238.434802,80.092706,178.253927
-245.817516,81.740840,178.129111
-209.810311,142.687369,179.137704
-230.146455,151.991548,178.821554
-252.696458,84.888104,178.022170
-204.805656,137.013997,179.195893
-258.770966,89.396916,177.937760
-201.089718,130.424068,179.225316
-263.775619,95.070287,177.879572
-198.824772,123.205567,179.224690
-267.491563,101.660212,177.850149
-198.109842,115.674025,179.194041
-269.756497,108.878683,177.850775
-198.976252,108.158547,179.134707
-270.471428,116.410267,177.881425
-201.385971,100.987624,179.049284
-269.605001,123.925699,177.940758
-205.233897,94.474658,178.941502
-267.195305,131.096631,178.026181
-210.351658,88.904291,178.816077
-263.347440,137.609594,178.133961
-216.515668,84.519987,178.678485
-258.229619,143.179963,178.259388
-223.456583,81.513326,178.534742
-252.065729,147.564298,178.396977
-230.871015,80.015777,178.391131
-198.911040,108.179319,175.551330
-202.156786,99.748492,175.443389
-270.406216,116.431040,174.298048
-269.539789,123.946473,174.357382
-205.232363,94.542715,175.357225
-266.294055,132.377308,174.465323
-209.322971,90.090366,175.256973
-263.218530,137.583083,174.551469
-216.450456,84.540760,175.095093
-259.127881,142.035431,174.651722
-223.391371,81.534099,174.951350
-252.000517,147.585072,174.813600
-232.314792,80.130837,174.780823
-230.090325,151.933491,175.237540
-224.189414,150.616171,175.337290
-245.059522,150.591701,174.957345
-238.360508,80.192338,174.671157
-215.819587,147.216955,175.469903
-236.136120,151.994998,175.127872
-244.261438,81.509655,174.571406
-209.745099,142.708141,175.554312
-252.631246,84.908877,174.438793
-204.067412,135.680580,175.616914
-258.705754,89.417688,174.354384
-201.097280,130.413293,175.640432
-264.383421,96.445250,174.291798
-199.286944,124.643621,175.639931
-267.353550,101.712536,174.268280
-198.044631,115.694797,175.610664
-269.163893,107.482209,174.268781
-208.560374,110.709050,176.496305
-220.576530,138.451326,176.438450
-218.685008,140.587847,159.822782
-222.842042,147.847638,167.162095
-200.977039,122.245236,167.411602
-199.996537,115.182253,167.388503
-208.018168,115.412374,176.533437
-205.154288,115.152923,159.921576
-256.711458,90.614562,166.213949
-261.192640,96.161153,166.164552
-251.716167,96.483321,175.628472
-260.472902,116.700615,175.586311
-259.930717,121.403930,175.623443
-262.202089,121.737172,158.921563
-262.730542,117.153178,158.885373
-216.774905,135.629586,176.491276
-251.917056,87.055917,166.280571
-211.441663,141.606116,167.333382
-206.960482,136.059523,167.382780
-205.682760,110.568936,159.885385
-245.311080,84.373037,166.385237
-242.460216,140.977056,176.054842
-252.904996,94.468335,158.932681
-226.031015,91.135911,176.064903
-247.914520,93.661647,175.681299
-216.236046,145.164758,167.266762
-244.837914,148.465866,166.765388
-237.794996,149.573439,166.899979
-221.687124,93.017486,176.154863
-224.645332,88.884241,159.414592
-220.411685,90.718092,159.502268
-246.803948,139.095408,175.964886
-247.473165,141.587942,159.304680
-255.941554,141.712710,166.524171
-250.316175,146.092844,166.651936
-223.315247,83.754784,166.781943
-230.358166,82.647237,166.647352
-214.979834,137.837697,159.874267
-230.037465,126.531957,177.734891
-225.467765,123.140110,177.798390
-245.470331,114.475456,177.384146
-244.818520,120.129126,177.428781
-223.076705,117.619811,177.809903
-232.534272,104.873638,177.563901
-238.509573,105.563256,177.459158
-236.012885,127.221638,177.630145
-223.728498,111.966080,177.765267
-227.312759,107.135456,177.672036
-241.234278,124.959811,177.522013
-243.079272,108.955152,177.395658
-267.472762,122.970087,166.205673
-268.156580,117.038414,166.158843
-203.242097,102.596421,167.256466
-200.680346,109.250559,167.341673
-267.176062,109.975433,166.135743
-249.199801,91.718245,158.984167
-243.239638,143.421840,159.392354
-217.837046,86.127833,166.895393
-212.211568,90.507933,167.023159
-264.911005,129.624236,166.290867
-337.271344,12.604353,-47.303877
-338.771773,12.126407,35.144314
-336.722058,12.107383,35.181506
-335.221630,12.585328,-47.266686
-338.477936,44.162513,35.338375
-336.977399,44.640493,-47.115820
-334.927684,44.621468,-47.078629
-336.428222,44.143488,35.375565
42.192109,132.835084,151.940701
-61.752712,133.368637,149.952809
-62.302879,57.474785,149.593637
25.636641,57.023383,151.275443
41.893010,88.915847,151.745188
-96.834217,88.868766,149.113940
-94.569643,89.225573,23.983180
-120.098892,-66.913578,33.487545
-121.983362,-67.297085,137.444891
-59.487553,133.723799,24.788826
44.459033,133.185365,26.677584
44.159930,89.266135,26.482054
27.903294,57.374422,26.027539
-60.037717,57.829953,24.429640
-96.570410,133.547365,149.286932
-94.305841,133.904163,24.156173
-87.030425,-67.210018,34.087681
-88.915237,-67.592842,138.065124
-83.818801,-65.969366,-141.982877
-56.830994,59.217872,-151.085183
-59.121323,58.121876,-25.925968
-85.718390,-66.792043,-38.008285
47.664304,134.578263,-148.755252
47.367554,90.659784,-149.079800
31.111585,58.767443,-149.571468
-56.284132,135.110666,-150.544450
-91.363544,90.611467,-151.498365
-116.887660,-65.673823,-142.562820
-118.786861,-66.495624,-38.608300
-93.653251,89.517495,-26.372321
-58.574464,134.014670,-25.385251
28.819692,57.666346,-24.328373
45.075374,89.557757,-23.821424
45.372130,133.476238,-23.496920
-91.103041,135.289005,-151.143796
-93.392754,134.195031,-26.017783
151.889623,-36.064709,2.555058
99.336623,-36.281221,28.884715
99.832320,-36.201052,1.606906
86.922405,28.058861,163.367559
87.347341,-6.228468,163.176532
152.920763,78.243008,164.859555
97.339174,-31.216398,49.534337
95.650231,-31.402251,142.518997
98.901412,-30.096131,142.581753
100.590356,-29.910258,49.597079
89.788194,-5.827664,28.863616
88.999875,28.401045,49.050392
96.896225,-36.681892,163.173754
148.953727,-36.527311,164.122016
155.129247,78.737085,43.396735
155.821139,124.331544,28.589600
-138.932269,127.067576,23.224592
-138.830028,118.445838,13.179305
64.363582,109.377365,16.837070
90.283474,-5.747648,1.609684
89.858513,28.539666,1.800711
-138.556788,118.532875,-1.834406
64.637043,109.464471,1.810835
89.344893,-11.293224,142.520821
91.034078,-11.107320,49.524476
92.596075,-9.987086,142.583576
94.285262,-9.801166,49.587231
154.834173,-34.654083,-159.006293
102.776671,-34.808663,-159.954553
92.802840,29.932086,-159.760735
158.801239,80.116232,-158.268754
93.227779,-4.355228,-159.951792
90.719594,28.948870,-45.447358
156.588902,79.202036,-36.808424
156.731981,124.621669,-21.458446
64.910497,109.551577,-13.215371
-138.283576,118.619916,-16.848087
-138.022084,127.357523,-26.789862
64.485699,4.143366,79.599434
43.710216,-0.933697,74.973860
42.907797,0.531330,79.518209
63.994969,5.039308,82.378576
64.245194,4.066756,92.815156
43.316951,-1.058952,96.583735
47.540602,-10.062261,102.359714
66.828207,-1.439316,96.347511
69.860478,-7.670341,95.145006
52.498867,-20.251018,100.393449
55.871734,-26.857738,91.605057
71.923177,-11.710737,89.770398
56.178954,-26.572699,80.360066
72.111058,-11.536429,82.893408
70.184510,-7.567124,77.339522
53.028713,-20.082226,71.278535
48.241088,-9.651983,69.504802
67.256587,-1.188397,76.254790
60.309668,-25.037492,114.788359
66.985536,-38.114001,97.393701
58.193125,-42.357140,97.209096
51.517245,-29.280631,114.603747
34.122092,8.953737,64.291293
31.024464,14.609213,81.834110
26.615539,23.579855,85.633257
31.362164,14.913724,58.751621
186.323107,62.889556,82.157247
185.832372,63.785497,84.936389
33.343720,8.705808,107.063277
41.703491,-9.114269,118.495564
40.901130,-7.819554,126.951719
30.382803,14.601786,112.567550
67.399705,-37.982072,74.635195
61.358385,-24.703396,57.161814
52.565970,-28.946554,56.977209
58.607286,-42.225210,74.450590
51.688467,-4.491281,53.149602
42.896052,-8.734410,52.964997
70.440884,-45.402805,100.353580
62.041290,-28.949827,122.239627
53.248867,-33.192965,122.055022
61.648468,-49.645924,100.168975
35.407962,27.823000,85.817863
40.154588,19.156868,58.936227
49.693552,-3.576423,127.136324
39.175227,18.844917,112.752156
39.677629,18.807999,89.670708
42.136141,12.948953,107.247882
51.194029,-3.098462,44.685435
42.914515,13.196868,64.475898
63.360786,-28.529496,49.733619
70.961994,-45.236792,71.718711
50.495910,-4.871141,118.680169
42.401606,-7.341607,44.500830
54.568363,-32.772634,49.549013
62.169575,-49.479929,71.534105
39.816883,18.852357,82.018716
30.885212,14.564854,89.486103
63.855716,4.994950,90.030571
42.680093,0.458798,92.030475
55.328269,-24.853493,81.040916
55.042083,-25.111681,90.910562
51.577903,-24.568951,90.169451
51.825740,-24.345340,81.622252
189.034100,57.424263,78.657643
192.021918,51.179088,79.897342
193.888564,47.076231,85.296267
193.760593,47.035468,92.328211
191.697886,51.075863,97.702825
188.665624,57.306880,98.905314
186.082602,62.812946,95.372960
185.693118,63.741138,92.588381
44.029783,-2.461678,95.271295
47.738694,-10.367761,100.343358
52.089525,-19.316323,98.616642
52.539480,-19.164739,73.065423
48.357647,-9.994596,71.508379
44.364830,-2.351457,76.307592
43.740705,-1.203582,79.862880
43.527421,-1.271175,91.696313
42.041160,-4.953839,93.945874
41.606107,-3.922856,90.849901
41.790811,-3.864320,80.602047
42.331309,-4.858407,77.523145
45.789128,-11.477417,73.366985
49.410633,-19.418842,74.715391
49.020962,-19.550101,96.842975
45.253102,-11.800574,98.338322
-120.767551,-105.810574,50.440773
-87.699071,-106.105834,51.040886
-88.958132,-106.264784,120.645967
-122.026390,-105.970305,120.032377
-118.830053,-105.193384,-56.024276
-117.556032,-104.546241,-125.612802
-84.487283,-104.840542,-125.026201
-85.761573,-105.488624,-55.424226
-120.457067,-71.966719,50.642597
-121.715907,-72.126451,120.234224
-88.647648,-72.420890,120.847808
-87.388588,-72.261940,51.242726
-118.519570,-71.349530,-55.822452
-85.451090,-71.644750,-55.222399
-84.176800,-70.996688,-124.824329
-117.245549,-70.702366,-125.410961
-114.239893,-74.709457,105.147933
-114.012912,-49.967839,105.295495
-113.304490,-49.918817,66.110890
-113.531471,-74.660476,65.963340
-110.322834,-73.461660,-110.093581
-110.095852,-48.720021,-109.946056
-91.476101,-48.883644,-109.615723
-91.703081,-73.625262,-109.763279
-92.193984,-49.289611,-70.425812
-92.420966,-74.031251,-70.573367
-95.620416,-74.873148,105.493429
-95.393437,-50.131489,105.640985
-94.911870,-74.824762,66.301252
-94.684888,-50.083103,66.448815
-110.813586,-49.125346,-70.763677
-111.040568,-73.866984,-70.911233
-97.695244,-2.565088,-186.228271
-91.007666,-2.627161,-186.106927
-92.772576,-4.307670,-191.321010
-97.617000,-4.262704,-191.408911
-91.085850,-11.149784,-186.157754
-91.201640,-11.186668,-179.795147
-97.889217,-11.124594,-179.916491
-97.773428,-11.087710,-186.279098
-97.663488,-9.330165,-191.439132
-121.837497,-9.105767,-191.877761
-121.791009,-4.038306,-191.847539
-97.811033,-2.601971,-179.865663
-91.123455,-2.664045,-179.744319
-92.819063,-9.375131,-191.351232
-121.869253,-2.340706,-186.666899
-126.881859,-9.058945,-191.969288
-126.835372,-3.991485,-191.939067
-121.947437,-10.863327,-186.717727
-128.834955,-10.799398,-186.842699
-128.950744,-10.836281,-180.480091
-128.872560,-2.313660,-180.429262
-128.756771,-2.276776,-186.791870
-121.985042,-2.377589,-180.304292
-122.063227,-10.900211,-180.355120
-127.851367,123.725739,-171.217878
137.579942,121.819314,-166.315808
147.649292,82.472255,-179.635794
-134.061663,84.443129,-184.751067
125.225395,-41.384430,-170.266173
125.137013,-39.925695,-164.446833
-126.566843,-36.090011,-169.176647
-126.478455,-37.548726,-174.995987
-122.971473,-151.699377,-140.199813
-122.883087,-153.158071,-146.019153
-0.345015,-153.926906,-143.919106
-0.433387,-152.468192,-138.099765
146.425723,-34.021839,-171.796259
-135.259627,-29.667246,-177.101631
-134.784108,5.691710,-185.220729
146.926788,3.595584,-180.167139
-130.620785,-156.976477,-145.177768
2.707529,-157.814193,-142.897290
148.857129,-34.082358,-165.388836
2.476899,-157.638407,-138.564322
-134.602118,-156.765916,-140.912886
149.921621,81.952705,-164.696818
-139.111602,-27.687210,-170.592343
-138.085764,84.136058,-169.925445
140.111846,123.343991,-164.635398
-131.618494,125.345987,-169.568860
125.514287,-22.981813,-183.463946
127.936745,-23.087222,-169.515744
127.835119,-34.165019,-169.581811
125.412663,-34.059611,-183.530012
117.254909,-22.914858,-181.986081
103.484004,-22.870341,-168.267942
106.280685,-22.825895,-180.022440
106.179061,-33.903691,-180.088507
103.382378,-33.948137,-168.334009
117.153276,-33.992654,-182.052147
117.132616,-36.244720,-182.065578
125.392004,-36.311675,-183.543444
116.097146,-22.865615,-188.458709
115.995513,-33.943432,-188.524776
115.974853,-36.195497,-188.538207
116.627582,-54.352692,-184.067658
116.948716,-56.291100,-182.185132
116.776190,-38.154321,-183.971053
125.208095,-56.358055,-183.662998
115.957203,-38.119502,-188.549682
115.808604,-54.317872,-188.646287
111.695489,-37.938312,-212.375539
111.546889,-54.136682,-212.472143
111.374378,-35.999903,-214.258070
111.190470,-56.046283,-214.377623
119.633757,-36.066859,-215.735926
119.449848,-56.113239,-215.855481
124.234248,-36.262453,-190.016088
124.050340,-56.308833,-190.135642
124.254908,-34.010388,-190.002657
115.790953,-56.241877,-188.657761
124.356534,-22.932590,-189.936590
125.137013,-39.925696,-164.446849
-0.433388,-152.468211,-138.099782
-122.971466,-151.699376,-140.199829
-126.566859,-36.090011,-169.176647
-104.405654,-4.702624,182.508220
-104.515594,-6.460185,187.668254
-99.671172,-6.505150,187.756155
-97.718079,-4.764697,182.629564
-97.796263,-13.287319,182.578737
-104.483838,-13.225245,182.457392
-104.368049,-13.188362,176.094770
-97.680473,-13.250436,176.216112
-128.689620,-6.235786,187.229626
-128.736108,-11.303263,187.199405
-104.562081,-11.527645,187.638033
-97.602289,-4.727814,176.266940
-104.289864,-4.665740,176.145597
-99.717660,-11.572610,187.725933
-128.579680,-4.478242,182.069592
-133.733983,-6.188964,187.138098
-133.780470,-11.256441,187.107876
-135.545382,-12.936934,181.893793
-128.657864,-13.000863,182.018764
-135.467197,-4.414312,181.944621
-135.351408,-4.377428,175.581997
-135.429592,-12.900050,175.531169
-128.542074,-12.963979,175.656141
-128.463889,-4.441358,175.706968
-134.022301,121.760051,167.875232
-140.712615,82.324554,180.717344
140.998308,80.353664,185.832616
131.411971,119.854577,172.612003
118.956289,-43.381379,174.218500
-132.753775,-39.547662,169.831445
-132.630683,-38.021583,164.030040
119.079397,-41.855281,168.417096
-128.082121,-154.814188,139.666689
-127.958999,-153.288109,133.865284
-5.548615,-155.584457,142.017638
-5.425523,-154.058379,136.216233
140.085350,-36.041488,176.604145
140.273587,1.476287,185.423121
-141.435061,3.573118,180.247681
-141.607405,-31.689264,171.707406
-135.783279,-158.620976,138.500139
-2.460095,-159.460346,141.062564
-2.532961,-159.234286,136.726415
142.748285,-36.028256,170.289155
-139.606816,-158.360161,134.095935
143.812776,80.006815,170.981174
-145.220415,-29.633108,165.085649
-144.194577,82.190160,165.752548
134.003003,121.398101,171.042594
-137.727275,123.400096,166.109133
97.298109,-24.840790,171.645193
97.196478,-35.918586,171.579126
99.563626,-36.010962,183.427334
99.665267,-24.933166,183.493401
118.760939,-25.133017,187.630347
118.659315,-36.210814,187.564280
121.587674,-36.155072,173.713183
121.689308,-25.077275,173.779250
110.560785,-25.047196,185.853846
110.459151,-36.124993,185.787779
118.638655,-38.462879,187.550849
117.246157,-38.488430,193.977220
117.062248,-58.534810,193.857666
118.454754,-58.509259,187.431295
111.712888,-38.589963,219.513214
111.528988,-58.636344,219.393660
109.028343,-40.326595,192.189245
110.013374,-40.308520,187.643349
109.864766,-56.506910,187.546744
108.879737,-56.524985,192.092640
110.438491,-38.377058,185.774348
108.862087,-58.448990,192.081165
110.254591,-58.423438,185.654794
117.266816,-36.236366,193.990651
109.066653,-36.150544,192.214150
109.045993,-38.402610,192.200719
103.512733,-38.504142,217.736704
103.328833,-58.550522,217.617151
103.753951,-56.619040,215.748159
103.902551,-40.420650,215.844764
117.368441,-25.158568,194.056718
109.168278,-25.072728,192.280216
-132.630683,-38.021583,164.030040
-127.958992,-153.288109,133.865300
-5.425510,-154.058399,136.216249
119.079405,-41.855281,168.417112
1676
0 1
1 2
2 3
3 4
4 5
5 6
6 7
7 8
8 9
9 10
10 11
11 12
12 13
13 14
14 15
15 16
16 17
17 18
18 19
19 20
20 21
21 22
22 23
23 24
24 25
25 26
26 27
27 28
28 29
29 30
30 31
31 32
32 33
33 34
34 35
35 36
36 37
37 38
38 39
39 40
40 41
41 42
42 43
43 44
44 45
45 46
46 47
47 48
48 49
49 50
50 51
51 52
52 53
53 54
54 55
55 56
56 57
57 58
58 59
59 60
60 61
61 62
62 63
63 64
64 65
65 66
66 67
67 68
68 69
69 70
70 71
71 72
72 73
73 74
74 75
75 76
76 77
77 78
78 79
79 80
80 81
81 82
82 83
83 84
84 85
85 86
86 87
87 88
88 89
89 90
90 91
91 92
92 93
93 94
94 95
95 96
96 97
97 98
98 99
99 100
100 101
101 102
102 103
103 104
104 105
105 106
106 107
107 108
108 109
109 110
110 111
111 112
112 113
113 114
114 115
115 116
116 117
117 118
118 119
119 120
120 121
121 122
122 123
123 124
124 125
125 126
126 127
127 128
128 129
129 130
130 131
131 132
132 133
133 134
134 135
135 136
136 137
137 138
138 139
139 140
140 141
141 142
142 143
143 144
144 145
145 146
146 147
147 148
148 149
149 150
150 151
151 152
152 153
153 154
154 155
155 156
156 157
157 158
158 159
159 160
160 161
161 162
162 163
163 164
164 165
165 166
166 167
167 168
168 169
169 170
170 171
171 172
172 173
173 174
174 175
175 176
176 177
177 178
178 179
179 180
180 181
181 182
182 183
183 184
184 185
185 186
186 187
187 188
188 189
189 190
190 191
191 192
192 193
193 194
194 195
195 196
196 197
197 198
198 199
199 200
200 201
201 202
202 203
203 204
204 205
205 206
206 207
207 208
208 209
209 210
210 211
211 212
212 213
213 214
214 215
215 216
216 217
217 218
218 219
219 220
220 221
221 222
222 223
223 224
224 225
225 226
226 227
227 228
228 229
229 230
230 231
231 232
232 233
233 234
234 235
235 236
236 237
237 238
238 239
239 240
240 241
241 242
242 243
243 244
244 245
245 246
246 247
247 248
248 249
249 250
250 251
251 252
252 253
253 254
254 255
255 256
256 257
257 258
258 259
259 260
260 261
261 262
262 263
263 264
264 265
265 266
266 267
267 268
268 269
269 270
270 271
271 272
272 273
273 274
274 275
275 276
276 277
277 278
278 279
279 280
280 281
281 282
282 283
283 284
284 285
285 286
286 287
287 288
288 289
289 290
290 291
291 292
292 293
293 294
294 295
295 296
296 297
297 298
298 299
299 300
300 301
301 302
302 303
303 304
304 305
305 306
306 307
307 308
308 309
309 310
310 311
311 312
312 313
313 314
314 315
315 316
316 317
317 318
318 319
319 320
320 321
321 322
322 323
323 324
324 325
325 326
326 327
327 328
328 329
329 330
330 331
331 332
332 333
333 334
334 335
335 336
336 337
337 338
338 339
339 340
340 341
341 342
342 343
343 344
344 345
345 346
346 347
347 348
348 349
349 350
350 351
351 352
352 353
353 354
354 355
355 356
356 357
357 358
358 359
359 360
360 361
361 362
362 363
363 364
364 365
365 366
366 367
367 368
368 369
369 370
370 371
371 372
372 373
373 374
374 375
375 376
376 377
377 378
378 379
379 380
380 381
381 382
382 383
383 384
384 385
385 386
386 387
387 388
388 389
389 390
390 391
391 392
392 393
393 394
394 395
395 396
396 397
397 398
398 399
399 400
400 401
401 402
402 403
403 404
404 405
405 406
406 407
407 408
408 409
409 410
410 411
411 412
412 413
413 414
414 415
415 416
416 417
417 418
418 419
419 420
420 421
421 422
422 423
423 424
424 425
425 426
426 427
427 428
428 429
429 430
430 431
431 432
432 433
433 434
434 435
435 436
436 437
437 438
438 439
439 440
440 441
441 442
442 443
443 444
444 445
445 446
446 447
447 448
448 449
449 450
450 451
451 452
452 453
453 454
454 455
455 456
456 457
457 458
458 459
459 460
460 461
461 462
462 463
463 464
464 465
465 466
466 467
467 468
468 469
469 470
470 471
471 472
472 473
473 474
474 475
475 476
476 477
477 478
478 479
479 480
480 481
481 482
482 483
483 484
484 485
485 486
486 487
487 488
488 489
489 490
490 491
491 492
492 493
493 494
494 495
495 496
496 497
497 498
498 499
499 500
500 501
501 502
502 503
503 504
504 505
505 506
506 507
507 508
508 509
509 510
510 511
511 512
512 513
513 514
514 515
515 516
516 517
517 518
518 519
519 520
520 521
521 522
522 523
523 524
524 525
525 526
526 527
527 528
528 529
529 530
530 531
531 532
532 533
533 534
534 535
535 536
536 537
537 538
538 539
539 540
540 541
541 542
542 543
543 544
544 545
545 546
546 547
547 548
548 549
549 550
550 551
551 552
552 553
553 554
554 555
555 556
556 557
557 558
558 559
559 560
560 561
561 562
562 563
563 564
564 565
565 566
566 567
567 568
568 569
569 570
570 571
571 572
572 573
573 574
574 575
575 576
576 577
577 578
578 579
579 580
580 581
581 582
582 583
583 584
584 585
585 586
586 587
587 588
588 589
589 590
590 591
591 592
592 593
593 594
594 595
595 596
596 597
597 598
598 599
599 600
600 601
601 602
602 603
603 604
604 605
605 606
606 607
607 608
608 609
609 610
610 611
611 612
612 613
613 614
614 615
615 616
616 617
617 618
618 619
619 620
620 621
621 622
622 623
623 624
624 625
625 626
626 627
627 628
628 629
629 630
630 631
631 632
632 633
633 634
634 635
635 636
636 637
637 638
638 639
639 640
640 641
641 642
642 643
643 644
644 645
645 646
646 647
647 648
648 649
649 650
650 651
651 652
652 653
653 654
654 655
655 656
656 657
657 658
658 659
659 660
660 661
661 662
662 663
663 664
664 665
665 666
666 667
667 668
668 669
669 670
670 671
671 672
672 673
673 674
674 675
675 676
676 677
677 678
678 679
679 680
680 681
681 682
682 683
683 684
684 685
685 686
686 687
687 688
688 689
689 690
690 691
691 692
692 693
693 694
694 695
695 696
696 697
697 698
698 699
699 700
700 701
701 702
702 703
703 704
704 705
705 706
706 707
707 708
708 709
709 710
710 711
711 712
712 713
713 714
714 715
715 716
716 717
717 718
718 719
719 720
720 721
721 722
722 723
723 724
724 725
725 726
726 727
727 728
728 729
729 730
730 731
731 732
732 733
733 734
734 735
735 736
736 737
737 738
738 739
739 740
740 741
741 742
742 743
743 744
744 745
745 746
746 747
747 748
748 749
749 750
750 751
751 752
752 753
753 754
754 755
755 756
756 757
757 758
758 759
759 760
760 761
761 762
762 763
763 764
764 765
765 766
766 767
767 768
768 769
769 770
770 771
771 772
772 773
773 774
774 775
775 776
776 777
777 778
778 779
779 780
780 781
781 782
782 783
783 784
784 785
785 786
786 787
787 788
788 789
789 790
790 791
791 792
792 793
793 794
794 795
795 796
796 797
797 798
798 799
799 800
800 801
801 802
802 803
803 804
804 805
805 806
806 807
807 808
808 809
809 810
810 811
811 812
812 813
813 814
814 815
815 816
816 817
817 818
818 819
819 820
820 821
821 822
822 823
823 824
824 825
825 826
826 827
827 828
828 829
829 830
830 831
831 832
832 833
833 834
834 835
835 836
836 837
837 838
838 839
839 840
840 841
841 842
842 843
843 844
844 845
845 846
846 847
847 848
848 849
849 850
850 851
851 852
852 853
853 854
854 855
855 856
856 857
857 858
858 859
859 860
860 861
861 862
862 863
863 864
864 865
865 866
866 867
867 868
868 869
869 870
870 871
871 872
872 873
873 874
874 875
875 876
876 877
877 878
878 879
879 880
880 881
881 882
882 883
883 884
884 885
885 886
886 887
887 888
888 889
889 890
890 891
891 892
892 893
893 894
894 895
895 896
896 897
897 898
898 899
899 900
900 901
901 902
902 903
903 904
904 905
905 906
906 907
907 908
908 909
909 910
910 911
911 912
912 913
913 914
914 915
915 916
916 917
917 918
918 919
919 920
920 921
921 922
922 923
923 924
924 925
925 926
926 927
927 928
928 929
929 930
930 931
931 932
932 933
933 934
934 935
935 936
936 937
937 938
938 939
939 940
940 941
941 942
942 943
943 944
944 945
945 946
946 947
947 948
948 949
949 950
950 951
951 952
952 953
953 954
954 955
955 956
956 957
957 958
958 959
959 960
960 961
961 962
962 963
963 964
964 965
965 966
966 967
967 968
968 969
969 970
970 971
971 972
972 973
973 974
974 975
975 976
976 977
977 978
978 979
979 980
980 981
981 982
982 983
983 984
984 985
985 986
986 987
987 988
988 989
989 990
990 991
991 992
992 993
993 994
994 995
995 996
996 997
997 998
998 999
999 1000
1000 1001
1001 1002
1002 1003
1003 1004
1004 1005
1005 1006
1006 1007
1007 1008
1008 1009
1009 1010
1010 1011
1011 1012
1012 1013
1013 1014
1014 1015
1015 1016
1016 1017
1017 1018
1018 1019
1019 1020
1020 1021
1021 1022
1022 1023
1023 1024
1024 1025
1025 1026
1026 1027
1027 1028
1028 1029
1029 1030
1030 1031
1031 1032
1032 1033
1033 1034
1034 1035
1035 1036
1036 1037
1037 1038
1038 1039
1039 1040
1040 1041
1041 1042
1042 1043
1043 1044
1044 1045
1045 1046
1046 1047
1047 1048
1048 1049
1049 1050
1050 1051
1051 1052
1052 1053
1053 1054
1054 1055
1055 1056
1056 1057
1057 1058
1058 1059
1059 1060
1060 1061
1061 1062
1062 1063
1063 1064
1064 1065
1065 1066
1066 1067
1067 1068
1068 1069
1069 1070
1070 1071
1071 1072
1072 1073
1073 1074
1074 1075
1075 1076
1076 1077
1077 1078
1078 1079
1079 1080
1080 1081
1081 1082
1082 1083
1083 1084
1084 1085
1085 1086
1086 1087
1087 1088
1088 1089
1089 1090
1090 1091
1091 1092
1092 1093
1093 1094
1094 1095
1095 1096
1096 1097
1097 1098
1098 1099
1099 1100
1100 1101
1101 1102
1102 1103
1103 1104
1104 1105
1105 1106
1106 1107
1107 1108
1108 1109
1109 1110
1110 1111
1111 1112
1112 1113
1113 1114
1114 1115
1115 1116
1116 1117
1117 1118
1118 1119
1119 1120
1120 1121
1121 1122
1122 1123
1123 1124
1124 1125
1125 1126
1126 1127
1127 1128
1128 1129
1129 1130
1130 1131
1131 1132
1132 1133
1133 1134
1134 1135
1135 1136
1136 1137
1137 1138
1138 1139
1139 1140
1140 1141
1141 1142
1142 1143
1143 1144
1144 1145
1145 1146
1146 1147
1147 1148
1148 1149
1149 1150
1150 1151
1151 1152
1152 1153
1153 1154
1154 1155
1155 1156
1156 1157
1157 1158
1158 1159
1159 1160
1160 1161
1161 1162
1162 1163
1163 1164
1164 1165
1165 1166
1166 1167
1167 1168
1168 1169
1169 1170
1170 1171
1171 1172
1172 1173
1173 1174
1174 1175
1175 1176
1176 1177
1177 1178
1178 1179
1179 1180
1180 1181
1181 1182
1182 1183
1183 1184
1184 1185
1185 1186
1186 1187
1187 1188
1188 1189
1189 1190
1190 1191
1191 1192
1192 1193
1193 1194
1194 1195
1195 1196
1196 1197
1197 1198
1198 1199
1199 1200
1200 1201
1201 1202
1202 1203
1203 1204
1204 1205
1205 1206
1206 1207
1207 1208
1208 1209
1209 1210
1210 1211
1211 1212
1212 1213
1213 1214
1214 1215
1215 1216
1216 1217
1217 1218
1218 1219
1219 1220
1220 1221
1221 1222
1222 1223
1223 1224
1224 1225
1225 1226
1226 1227
1227 1228
1228 1229
1229 1230
1230 1231
1231 1232
1232 1233
1233 1234
1234 1235
1235 1236
1236 1237
1237 1238
1238 1239
1239 1240
1240 1241
1241 1242
1242 1243
1243 1244
1244 1245
1245 1246
1246 1247
1247 1248
1248 1249
1249 1250
1250 1251
1251 1252
1252 1253
1253 1254
1254 1255
1255 1256
1256 1257
1257 1258
1258 1259
1259 1260
1260 1261
1261 1262
1262 1263
1263 1264
1264 1265
1265 1266
1266 1267
1267 1268
1268 1269
1269 1270
1270 1271
1271 1272
1272 1273
1273 1274
1274 1275
1275 1276
1276 1277
1277 1278
1278 1279
1279 1280
1280 1281
1281 1282
1282 1283
1283 1284
1284 1285
1285 1286
1286 1287
1287 1288
1288 1289
1289 1290
1290 1291
1291 1292
1292 1293
1293 1294
1294 1295
1295 1296
1296 1297
1297 1298
1298 1299
1299 1300
1300 1301
1301 1302
1302 1303
1303 1304
1304 1305
1305 1306
1306 1307
1307 1308
1308 1309
1309 1310
1310 1311
1311 1312
1312 1313
1313 1314
1314 1315
1315 1316
1316 1317
1317 1318
1318 1319
1319 1320
1320 1321
1321 1322
1322 1323
1323 1324
1324 1325
1325 1326
1326 1327
1327 1328
1328 1329
1329 1330
1330 1331
1331 1332
1332 1333
1333 1334
1334 1335
1335 1336
1336 1337
1337 1338
1338 1339
1339 1340
1340 1341
1341 1342
1342 1343
1343 1344
1344 1345
1345 1346
1346 1347
1347 1348
1348 1349
1349 1350
1350 1351
1351 1352
1352 1353
1353 1354
1354 1355
1355 1356
1356 1357
1357 1358
1358 1359
1359 1360
1360 1361
1361 1362
1362 1363
1363 1364
1364 1365
1365 1366
1366 1367
1367 1368
1368 1369
1369 1370
1370 1371
1371 1372
1372 1373
1373 1374
1374 1375
1375 1376
1376 1377
1377 1378
1378 1379
1379 1380
1380 1381
1381 1382
1382 1383
1383 1384
1384 1385
1385 1386
1386 1387
1387 1388
1388 1389
1389 1390
1390 1391
1391 1392
1392 1393
1393 1394
1394 1395
1395 1396
1396 1397
1397 1398
1398 1399
1399 1400
1400 1401
1401 1402
1402 1403
1403 1404
1404 1405
1405 1406
1406 1407
1407 1408
1408 1409
1409 1410
1410 1411
1411 1412
1412 1413
1413 1414
1414 1415
1415 1416
1416 1417
1417 1418
1418 1419
1419 1420
1420 1421
1421 1422
1422 1423
1423 1424
1424 1425
1425 1426
1426 1427
1427 1428
1428 1429
1429 1430
1430 1431
1431 1432
1432 1433
1433 1434
1434 1435
1435 1436
1436 1437
1437 1438
1438 1439
1439 1440
1440 1441
1441 1442
1442 1443
1443 1444
1444 1445
1445 1446
1446 1447
1447 1448
1448 1449
1449 1450
1450 1451
1451 1452
1452 1453
1453 1454
1454 1455
1455 1456
1456 1457
1457 1458
1458 1459
1459 1460
1460 1461
1461 1462
1462 1463
1463 1464
1464 1465
1465 1466
1466 1467
1467 1468
1468 1469
1469 1470
1470 1471
1471 1472
1472 1473
1473 1474
1474 1475
1475 1476
1476 1477
1477 1478
1478 1479
1479 1480
1480 1481
1481 1482
1482 1483
1483 1484
1484 1485
1485 1486
1486 1487
1487 1488
1488 1489
1489 1490
1490 1491
1491 1492
1492 1493
1493 1494
1494 1495
1495 1496
1496 1497
1497 1498
1498 1499
1499 1500
1500 1501
1501 1502
1502 1503
1503 1504
1504 1505
1505 1506
1506 1507
1507 1508
1508 1509
1509 1510
1510 1511
1511 1512
1512 1513
1513 1514
1514 1515
1515 1516
1516 1517
1517 1518
1518 1519
1519 1520
1520 1521
1521 1522
1522 1523
1523 1524
1524 1525
1525 1526
1526 1527
1527 1528
1528 1529
1529 1530
1530 1531
1531 1532
1532 1533
1533 1534
1534 1535
1535 1536
1536 1537
1537 1538
1538 1539
1539 1540
1540 1541
1541 1542
1542 1543
1543 1544
1544 1545
1545 1546
1546 1547
1547 1548
1548 1549
1549 1550
1550 1551
1551 1552
1552 1553
1553 1554
1554 1555
1555 1556
1556 1557
1557 1558
1558 1559
1559 1560
1560 1561
1561 1562
1562 1563
1563 1564
1564 1565
1565 1566
1566 1567
1567 1568
1568 1569
1569 1570
1570 1571
1571 1572
1572 1573
1573 1574
1574 1575
1575 1576
1576 1577
1577 1578
1578 1579
1579 1580
1580 1581
1581 1582
1582 1583
1583 1584
1584 1585
1585 1586
1586 1587
1587 1588
1588 1589
1589 1590
1590 1591
1591 1592
1592 1593
1593 1594
1594 1595
1595 1596
1596 1597
1597 1598
1598 1599
1599 1600
1600 1601
1601 1602
1602 1603
1603 1604
1604 1605
1605 1606
1606 1607
1607 1608
1608 1609
1609 1610
1610 1611
1611 1612
1612 1613
1613 1614
1614 1615
1615 1616
1616 1617
1617 1618
1618 1619
1619 1620
1620 1621
1621 1622
1622 1623
1623 1624
1624 1625
1625 1626
1626 1627
1627 1628
1628 1629
1629 1630
1630 1631
1631 1632
1632 1633
1633 1634
1634 1635
1635 1636
1636 1637
1637 1638
1638 1639
1639 1640
1640 1641
1641 1642
1642 1643
1643 1644
1644 1645
1645 1646
1646 1647
1647 1648
1648 1649
1649 1650
1650 1651
1651 1652
1652 1653
1653 1654
1654 1655
1655 1656
1656 1657
1657 1658
1658 1659
1659 1660
1660 1661
1661 1662
1662 1663
1663 1664
1664 1665
1665 1666
1666 1667
1667 1668
1668 1669
1669 1670
1670 1671
1671 1672
1672 1673
1673 1674
1674 1675
1675 1676
