1677
0,43.354561,170.53833
29.622274,43.354546,170.53833
29.622274,48.001022,172.0018
0,48.001038,172.0018
65.563133,43.35453,170.53833
65.563133,42.587105,172.97482
65.563133,47.273304,174.31219
65.563133,48.001011,172.0018
0,42.577843,173.00433
29.622274,42.577839,173.00433
40.471226,47.271034,174.31949
29.622274,47.271034,174.31949
0,36.771942,168.465
29.622274,36.771935,168.46497
29.622274,41.418404,169.9285
0,41.418415,169.9285
65.563133,36.771912,168.46497
65.563133,35.945599,171.0885
65.563133,40.634411,172.41757
65.563133,41.418392,169.9285
0,35.929035,171.14114
29.622274,35.929035,171.14114
40.471226,40.622227,172.45633
29.622274,40.622227,172.45633
82.087624,20.251123,63.380043
84.640915,27.991968,67.461731
83.617416,20.235943,74.842178
91.374931,48.460121,72.543053
91.32444,48.809315,80.764023
91.32444,48.80933,174.75055
91.32444,48.809326,152.51172
91.32444,63.043472,142.33231
91.32444,62.663559,174.75055
52.462452,70.352066,107.77774
52.462452,70.352074,125.49798
52.462452,63.043472,142.33231
52.462452,63.043465,92.126205
91.32444,70.281517,-125.66483
91.32444,63.043427,-141.63022
91.32444,63.043419,-168.1665
91.32444,70.281509,-168.1665
91.32444,49.18919,-152.67859
91.32444,49.18919,-171.16016
87.047882,106.92515,79.620605
91.456581,87.200554,164.32205
91.405739,88.140038,72.543045
87.058868,107.13746,72.543045
71.314011,167.73753,-129.28162
71.364685,167.59328,-70.131905
68.458641,166.84836,-70.131134
68.407967,166.99263,-129.28082
-91.32444,63.043419,-168.1665
-91.32444,49.18919,-171.16016
44.107769,62.663559,174.75055
-44.107773,62.663559,174.75055
-44.107773,48.809334,174.75055
0,48.80933,174.75055
44.107765,48.809334,174.75055
0,26.795271,168.68399
40.471226,27.160675,168.68399
40.471226,35.929035,171.14114
44.755413,20.235943,74.842178
44.764088,20.268312,63.380043
-91.32444,70.281509,-168.1665
82.369919,109.43008,76.514725
67.058243,168.76076,8.0080557
67.051529,166.42067,6.1308436
82.363205,107.09,74.637512
85.41156,26.657763,-153.86996
86.069695,29.388086,-168.16647
91.317772,88.381485,-168.1665
-91.317772,88.381485,-168.1665
-87.180588,105.79614,-168.1665
87.180588,105.79614,-168.1665
85.577682,27.55183,168.68399
85.381409,26.819344,154.69598
52.462452,63.043427,-141.63022
52.462452,49.189198,-152.67859
52.462452,70.731941,-125.66483
91.32444,70.281525,-107.94463
52.462452,70.731949,-107.94463
52.462452,48.809319,80.764023
91.32444,63.043434,-91.97924
52.462452,63.043434,-91.97924
82.180145,20.602898,-75.009018
44.853737,20.602898,-75.009018
52.462452,49.189209,-80.930862
91.32444,49.189201,-80.930862
46.519413,26.819344,154.69598
0,20.235949,74.842186
0,20.268318,63.380043
47.207691,26.657763,-153.86996
0,20.602898,-75.009003
0,28.696291,-168.16647
-67.058243,168.76076,8.0080576
-67.051529,166.42067,6.1308436
0,166.61238,6.1308374
70.449257,171.24255,4.9021883
70.323067,171.60085,-133.85117
-70.323059,171.60085,-133.85117
-70.379982,171.43921,-65.841949
70.379982,171.43921,-65.841949
82.264427,107.12106,71.437004
0,107.12106,71.437042
0,107.32702,74.637527
-86.069695,29.388086,-168.16647
-82.369926,109.43008,76.514725
-79.982437,106.9462,79.620605
79.982437,106.9462,79.620605
91.374893,88.402138,-69.932335
91.374931,48.785728,-69.932327
86.1903,109.66618,-159.56418
84.705292,28.274015,-66.572548
86.171089,109.83075,-74.594826
70.767586,169.92931,-66.666634
87.16217,106.25825,-69.932335
83.284256,108.92127,-159.56342
83.265045,109.08585,-74.594048
67.837608,166.53888,3.1351142
68.46946,166.82721,-67.544601
68.019318,166.88039,-133.20651
83.241531,107.46272,-164.19711
83.258965,109.11644,-70.523735
70.838882,169.72757,0.76246738
-84.640907,27.991968,67.461731
-91.374924,48.460121,72.543053
29.826441,71.535995,171.28979
-29.826439,71.535995,171.28979
-44.107773,70.28157,171.84375
44.107769,70.28157,171.84375
40.471226,42.577831,173.00433
84.558884,70.281563,171.84375
91.32444,70.281563,125.49798
91.32444,70.281555,107.77774
91.32444,70.281563,171.84375
27.452105,71.453156,169.67349
-27.452105,71.453156,169.67349
-30.773376,76.412865,169.13358
-28.201038,75.310265,167.96814
28.201038,75.310265,167.96814
30.77338,76.412865,169.13358
-47.482418,87.25985,164.32205
47.482414,87.25985,164.32205
91.32444,63.043465,92.126205
-70.449257,171.24255,4.9021912
52.462452,48.80933,152.51172
0,88.140038,72.543045
-91.374924,48.785728,-69.932327
-91.374901,88.402138,-69.932335
-83.241531,107.46272,-164.19711
-83.284256,108.92127,-159.56342
-84.705292,28.274015,-66.572548
-87.162163,106.25825,-69.932335
42.042286,107.05463,79.620605
-42.042278,107.05463,79.620605
84.558884,87.210205,164.32205
-68.407967,166.99263,-129.28082
-68.019318,166.88039,-133.20651
0,166.84833,-70.131142
-83.243332,108.99384,-166.50439
83.243332,108.99384,-166.50439
0,47.271034,174.31949
0,40.622227,172.45633
-82.363197,107.09,74.637512
-68.021133,168.41151,-135.51379
68.021133,168.41151,-135.51379
-83.265045,109.08585,-74.594048
-83.258965,109.11644,-70.523735
-29.622274,48.001022,172.0018
-29.622274,43.354546,170.53833
-65.563133,43.35453,170.53833
-65.563133,48.001011,172.0018
-65.563133,47.273304,174.31219
-65.563133,42.587105,172.97482
-29.622274,42.577839,173.00433
-29.622274,47.271034,174.31949
-40.471222,47.271034,174.31949
-29.622274,41.418404,169.9285
-29.622274,36.771935,168.46497
-65.563133,36.771912,168.46497
-65.563133,41.418392,169.9285
-65.563133,40.634411,172.41757
-65.563133,35.945599,171.0885
-29.622274,35.929035,171.14114
-29.622274,40.622227,172.45633
-40.471222,40.622227,172.45633
-82.087624,20.251123,63.380043
-83.617416,20.235943,74.842178
-91.405739,88.140038,72.543045
-91.32444,63.043465,92.126205
-91.32444,48.809315,80.764023
-91.32444,48.80933,174.75055
-91.32444,62.663559,174.75055
-91.32444,63.043472,142.33231
-91.32444,48.809326,152.51172
-52.46246,70.352066,107.77774
-52.46246,63.043465,92.126205
-52.46246,63.043472,142.33231
-52.46246,70.352074,125.49798
-91.32444,70.281517,-125.66483
-91.32444,63.043427,-141.63022
-91.32444,49.18919,-152.67859
-87.04789,106.92515,79.620605
-87.058868,107.13746,72.543045
-91.456581,87.200554,164.32205
-71.314011,167.73753,-129.28162
-68.458641,166.84836,-70.131134
-71.364685,167.59328,-70.131905
-40.471222,35.929035,171.14114
-40.471222,27.160675,168.68399
-44.764091,20.268312,63.380043
-44.755409,20.235943,74.842178
-85.41156,26.657763,-153.86996
-85.381409,26.819344,154.69598
-85.577682,27.55183,168.68399
-52.46246,49.189198,-152.67859
-52.46246,63.043427,-141.63022
-52.46246,70.731941,-125.66483
-52.46246,70.731949,-107.94463
-91.32444,70.281525,-107.94463
-52.46246,48.809319,80.764023
-52.46246,63.043434,-91.97924
-91.32444,63.043434,-91.97924
-82.180145,20.602898,-75.009018
-91.32444,49.189201,-80.930862
-52.46246,49.189209,-80.930862
-44.853737,20.602898,-75.009018
-46.519409,26.819344,154.69598
-47.207687,26.657763,-153.86996
-82.26442,107.12106,71.437004
-86.190292,109.66618,-159.56418
-86.171089,109.83075,-74.594826
-70.767578,169.92931,-66.666634
-67.837608,166.53888,3.1351171
-68.469452,166.82721,-67.544601
-70.838882,169.72757,0.76246738
-40.471222,42.577831,173.00433
-84.558884,70.281563,171.84375
-91.32444,70.281563,125.49798
-91.32444,70.281555,107.77774
-91.32444,70.281563,171.84375
-52.46246,48.80933,152.51172
-84.558891,87.210205,164.32205
92.384827,83.258125,155.40634
92.384827,83.258125,167.13513
92.384827,71.686378,172.29218
92.384827,71.686371,155.36331
84.54583,83.258125,167.13776
89.489075,84.582512,163.46198
84.450218,84.588669,163.42352
89.489075,84.8013,153.263
84.401985,71.686378,172.23877
89.489075,70.208717,169.68985
89.489075,70.208717,153.2218
48.447796,71.686378,172.0072
51.327412,83.258125,167.14905
49.413498,84.705696,163.30411
45.877621,70.208717,169.46042
84.273598,70.208717,169.68985
-92.384872,83.258125,155.40634
-92.384872,71.686371,155.36331
-92.384872,71.686378,172.29218
-92.384872,83.258125,167.13513
-84.545883,83.258125,167.13776
-84.450272,84.588669,163.42352
-89.48912,84.582512,163.46198
-89.48912,84.8013,153.263
-84.402031,71.686378,172.23877
-89.48912,70.208717,153.2218
-89.48912,70.208717,169.68985
-48.447842,71.686378,172.0072
-45.87767,70.208717,169.46042
-49.413548,84.705696,163.30411
-51.327461,83.258125,167.14905
-84.273643,70.208717,169.68985
92.362144,69.590569,-160.0293
90.254044,69.499603,-158.84708
90.254044,64.898254,-158.84708
92.362144,64.898254,-160.0293
92.362144,64.898254,-168.62863
92.362144,69.590569,-168.62863
92.362144,77.865166,-168.62863
92.362144,77.865166,-160.0293
76.618622,77.865166,-169.49908
76.618622,69.590569,-169.49908
75.679741,69.590569,-167.28897
75.679741,77.865166,-167.28897
92.362144,88.577576,-168.62863
91.497078,88.601036,-169.49908
76.618622,88.601028,-169.49908
92.362144,88.36055,-160.0293
90.254036,88.360558,-158.84708
75.679741,88.601036,-167.28897
76.618622,64.898254,-169.49908
75.679741,64.898254,-167.28897
90.254036,77.818535,-158.84708
91.497078,77.865166,-169.49908
91.497078,69.590569,-169.49908
91.497078,64.898254,-169.49908
-92.362129,69.590569,-160.0293
-92.362144,64.898254,-160.0293
-90.254036,64.898254,-158.84708
-90.254036,69.499603,-158.84708
-92.362144,69.590569,-168.62863
-92.362144,64.898254,-168.62863
-92.362129,77.865166,-160.0293
-92.362144,77.865166,-168.62863
-76.618637,77.865166,-169.49908
-75.679733,77.865166,-167.28897
-75.679733,69.590569,-167.28897
-76.618637,69.590569,-169.49908
-92.362144,88.577576,-168.62863
-92.362129,88.36055,-160.0293
-76.618637,88.601028,-169.49908
-91.497063,88.601036,-169.49908
-90.254036,88.360558,-158.84708
-75.679733,88.601036,-167.28897
-76.618637,64.898254,-169.49908
-75.679733,64.898254,-167.28897
-90.254036,77.818535,-158.84708
-91.497063,69.590569,-169.49908
-91.497063,77.865166,-169.49908
-91.497063,64.898254,-169.49908
-72.599945,26.640844,109.7594
70.311157,26.640844,109.7594
70.29731,26.5462,119.8053
-72.586098,26.5462,119.8053
-71.178879,37.246647,119.65389
-71.192726,37.34129,109.60801
71.704536,37.246647,119.65389
71.718384,37.34129,109.60801
-72.599945,26.640806,-121.2492
70.311157,26.640806,-121.2492
70.29731,26.546162,-111.20331
-72.586098,26.546162,-111.20331
-71.178879,37.246609,-111.35472
-71.192726,37.341251,-121.4006
71.704536,37.246609,-111.35472
71.718384,37.341251,-121.4006
-90.510208,1.6359329,125.2592
-90.510216,13.105841,121.5211
-90.510201,12.214388,117.34541
-90.510216,0.21791077,118.6171
-65.293968,0.21791077,118.61709
-65.293968,1.6359329,125.2592
-90.510201,12.210577,113.07558
-90.510201,0.2118721,111.82527
-65.293976,0.2118721,111.82527
-91.047791,13.105841,121.5211
-91.047783,12.214388,117.34541
-91.047783,12.210577,113.07558
-91.047791,15.320967,120.79917
-91.047783,14.5312,117.0998
-91.047783,14.527822,113.31705
-89.255768,15.201914,120.05249
-89.255768,14.570656,117.09562
-89.255768,14.567961,114.07207
-89.80864,21.264118,121.92499
-89.808624,20.102844,110.97021
-90.577339,26.945873,114.27133
-90.577339,28.100992,111.67068
-89.808624,21.063805,108.80671
-90.577339,27.262976,117.26257
-81.478912,18.933784,110.4181
-85.16468,15.81081,113.17941
-81.478912,19.870358,108.30949
-85.16468,16.39727,109.66261
-85.16468,17.609175,106.93403
-89.255768,15.311005,109.61626
-89.255768,16.846493,106.15914
-85.16468,19.825291,104.14109
-89.255768,19.65432,102.62048
-89.808624,29.970238,102.32369
-89.255768,21.899424,100.59532
-91.047783,19.067211,103.09693
-91.047783,21.876078,100.56326
-91.047783,16.846493,106.15914
-91.047783,17.33444,101.53952
-91.047783,20.504967,98.679657
-91.047783,14.827797,104.99608
-90.510201,17.33444,101.53952
-90.510201,20.504967,98.679657
-90.510201,14.827797,104.99608
-90.510201,8.3621902,93.475334
-90.510201,13.405422,88.926262
-90.510201,4.3749752,98.973564
-65.293976,13.405422,88.926254
-65.293976,8.3621902,93.475327
-65.293976,4.3749752,98.973557
-65.293968,32.524685,115.19237
-65.293976,1.6180363,105.18062
-90.510201,1.6180363,105.18062
-90.510201,13.094589,108.8983
-91.047783,13.094589,108.8983
-91.047783,15.311005,109.61626
-65.293968,4.4039478,131.46136
-90.510208,4.4039478,131.46136
-65.293968,8.4009571,136.95247
-90.510208,8.4009571,136.95247
-90.510208,14.846003,125.42019
-90.510208,17.35881,128.87231
-91.047791,14.846003,125.42019
-91.047791,17.35881,128.87231
-91.047791,16.862638,124.2535
-91.047791,19.088795,127.31181
-89.255768,16.862638,124.2535
-89.255768,19.088795,127.31181
-85.16468,17.915043,123.98044
-85.16468,16.604294,120.66473
-85.16468,19.67207,126.39425
-81.478912,20.23679,122.70992
-81.478912,21.594635,124.57535
-89.80864,22.657312,123.83897
-85.16468,22.424501,128.66055
-89.255768,22.576138,130.18323
-91.047791,21.902185,129.84047
-89.255768,25.19593,131.69264
-91.047791,25.179819,131.7289
-91.047791,20.534435,131.72655
-91.047791,24.234102,133.85812
-90.510208,20.534435,131.72655
-90.510208,24.234102,133.85812
-90.510208,13.452307,141.49258
-90.510208,19.337189,144.88318
-65.293968,13.452307,141.49258
-65.293968,19.337189,144.88318
-65.293968,25.798441,146.97621
-65.293968,32.553654,147.68015
-90.510208,25.798441,146.97623
-90.510208,32.553654,147.68015
-90.510208,28.296097,135.17393
-90.510208,32.5429,135.61649
-91.047791,28.296097,135.17393
-91.047791,32.5429,135.61649
-91.047791,28.778467,132.89462
-91.047791,32.540825,133.28668
-89.255768,28.072294,132.62439
-89.255768,32.540825,133.28668
-89.80864,32.725021,128.31062
-85.16468,32.830551,132.23874
-85.16468,29.303699,131.71602
-81.478912,32.891136,129.59279
-85.16468,35.799496,131.924
-81.478912,35.185524,129.34956
-89.80864,35.07914,128.06107
-85.16468,39.138371,130.67348
-89.255768,40.53286,131.3035
-89.255768,45.395058,127.76427
-89.80864,43.985619,121.57804
-89.255768,43.149956,129.7894
-90.577354,36.948334,118.71407
-90.577354,34.516449,120.48425
-90.577354,31.68663,120.78426
-90.577354,28.937647,119.56326
-90.577339,38.103447,116.11337
-90.577339,37.786377,113.12218
-89.80864,44.946541,119.41447
-89.808624,43.785259,108.45979
-81.478912,46.115601,119.96658
-85.16468,49.238552,117.2053
-89.255768,50.4814,116.31264
-81.478912,45.179047,122.07526
-89.255768,50.478706,113.28914
-89.255768,49.84745,110.33227
-85.16468,48.652107,120.72211
-89.255768,49.738373,120.76846
-91.047783,50.521538,117.06767
-91.047791,49.738373,120.76846
-91.047783,50.518177,113.28495
-85.16468,47.440189,123.45066
-89.255768,48.202869,124.22555
-85.16468,45.224087,126.24366
-91.047791,48.202869,124.22555
-91.047791,45.982166,127.28783
-91.047791,50.221581,125.38864
-91.047791,47.714935,128.84523
-91.047791,51.954773,121.48643
-90.510208,50.221581,125.38864
-90.510208,47.714935,128.84523
-90.510216,51.954773,121.48643
-90.510193,60.674385,131.41113
-90.510193,56.687187,136.90939
-90.510193,63.431328,125.20408
-65.293968,56.687187,136.90939
-65.293968,60.674385,131.41113
-65.293968,63.431328,125.20407
-65.293968,64.837494,118.55942
-65.293976,64.831436,111.76766
-90.510193,64.837494,118.55943
-90.510201,64.831436,111.76766
-90.510201,52.838799,117.30914
-90.510201,52.834991,113.03935
-91.047783,52.838799,117.30914
-91.047783,52.834991,113.03935
-91.047783,51.94352,108.86366
-91.047783,49.728394,109.58558
-90.510201,51.94352,108.86366
-91.047783,48.186722,106.13126
-89.255768,48.186722,106.13126
-91.047783,50.203362,104.96457
-85.16468,47.134315,106.40431
-85.16468,48.445068,109.72002
-81.478912,44.812588,107.67484
-85.16468,45.377293,103.9905
-81.478912,43.454769,105.8094
-89.808624,42.392105,106.54578
-85.164688,42.624863,101.72419
-89.255768,42.473225,100.20153
-89.255768,39.853432,98.692108
-89.255768,36.97707,97.760368
-89.808624,32.324352,102.07413
-90.577339,36.111679,110.8215
-90.577339,33.362694,109.6005
-90.577339,30.532906,109.9005
-89.255768,24.51652,99.081253
-81.478912,32.158237,100.79197
-81.478912,29.863846,101.03519
-85.164688,25.911001,99.711266
-85.164688,29.24988,98.46077
-85.164688,32.218815,98.146019
-89.255768,28.746891,97.496857
-89.255768,32.508533,97.098083
-91.047783,28.746891,97.496857
-91.047783,32.508533,97.098083
-91.047783,25.150333,98.668976
-91.047783,28.260462,95.218361
-91.047783,32.506458,94.768272
-91.047783,24.200821,96.541451
-90.510201,28.260462,95.218361
-90.510201,32.506458,94.768272
-90.510201,24.200821,96.541451
-90.510201,25.741747,83.420593
-90.510201,32.495689,82.704613
-90.510201,19.28426,85.525131
-65.293976,32.495689,82.704605
-65.293976,25.741747,83.420593
-65.293976,19.28426,85.525124
-65.293976,39.250908,83.408531
-65.293976,45.712158,85.501572
-90.510201,45.712158,85.501579
-90.510201,39.250908,83.408539
-90.510201,36.753265,95.210831
-90.510201,40.815262,96.526634
-91.047783,36.753265,95.210831
-91.047783,40.815262,96.526634
-91.047783,36.270912,97.490135
-91.047783,39.869541,98.655861
-85.164688,35.745667,98.668739
-91.047783,43.147179,100.54429
-91.047783,44.514912,98.658218
-89.255768,45.960567,103.07294
-91.047783,45.960567,103.07294
-91.047783,47.690552,101.51244
-90.510201,44.514912,98.658218
-90.510201,47.690552,101.51244
-90.510201,51.597038,88.892174
-90.510201,56.648392,93.432289
-65.293976,56.648392,93.432289
-65.293976,51.597038,88.892166
-65.293976,60.645401,98.923393
-65.293976,63.413414,105.12555
-90.510201,63.413414,105.12555
-90.510201,60.645401,98.923393
-90.510201,50.203362,104.96457
-65.293968,51.643955,141.4585
-65.293968,45.765118,144.85962
-90.510208,45.765118,144.85963
-90.510193,51.643955,141.4585
-90.510208,44.544395,131.70506
-90.510208,40.848557,133.84331
-91.047791,44.544395,131.70506
-91.047791,40.848557,133.84331
-91.047791,43.173302,129.82147
-91.047791,39.899044,131.71579
-89.255768,36.30249,132.88789
-91.047791,36.30249,132.88789
-91.047791,36.788918,135.1664
-90.510208,36.788918,135.1664
-90.510208,39.307617,146.96417
-65.293968,39.307617,146.96416
90.510208,32.553654,147.68015
90.510201,39.307617,146.96416
65.293961,39.307617,146.96417
65.293961,32.553654,147.68015
90.510193,39.250908,83.408531
90.510193,32.495689,82.704605
65.293953,32.495689,82.704605
65.293953,39.250908,83.408531
90.510201,45.765121,144.85962
65.293961,45.765121,144.85963
90.510193,25.741747,83.420586
65.293953,25.741747,83.420593
90.510193,51.643955,141.4585
65.293961,51.643955,141.4585
90.510193,19.284258,85.525116
65.293953,19.284258,85.525124
90.510193,56.687187,136.90939
65.293961,56.687187,136.90939
90.510193,13.405422,88.926254
65.293961,13.405422,88.926254
90.510193,60.674385,131.41113
65.293961,60.674385,131.41113
90.510193,8.3621902,93.475327
65.293961,8.3621902,93.475327
90.510193,63.431328,125.20407
65.293961,63.431328,125.20408
90.510193,4.3749752,98.973557
65.293961,4.3749752,98.973557
90.510193,64.837494,118.55942
65.293961,64.837494,118.55943
90.510201,0.21791077,118.61709
90.510201,1.6359329,125.2592
65.293968,1.6359329,125.2592
65.293961,0.21791077,118.6171
90.510193,1.6180363,105.18061
65.293961,1.6180363,105.18062
90.510193,64.831436,111.76766
65.293953,64.831436,111.76766
90.510201,4.4039478,131.46136
65.293968,4.4039478,131.46136
90.510201,0.2118721,111.82526
65.293961,0.2118721,111.82527
90.510185,63.413414,105.12555
65.293953,63.413414,105.12555
90.510201,8.4009571,136.95247
65.293968,8.4009571,136.95247
90.510185,60.645401,98.923386
65.293953,60.645401,98.923393
90.510201,13.452307,141.49258
65.293968,13.452307,141.49258
90.510185,56.648392,93.432281
65.293953,56.648392,93.432289
90.510201,19.337187,144.88318
65.293968,19.337187,144.88318
90.510185,51.597038,88.892166
65.293953,51.597038,88.892166
90.510201,25.798441,146.97621
65.293961,25.798441,146.97623
90.510185,45.712158,85.501572
65.293953,45.712158,85.501572
65.293953,32.524685,115.19238
90.510201,32.5429,135.61649
90.510201,36.788918,135.1664
90.510193,36.753265,95.210823
90.510193,32.506458,94.768265
90.510201,40.848557,133.84331
90.510193,28.26046,95.218353
90.510201,44.544395,131.70506
90.510193,24.200821,96.541443
90.510201,47.714939,128.84523
90.510193,20.504965,98.679657
90.510201,50.221581,125.38864
90.510193,17.334438,101.53952
90.510201,51.954773,121.48642
90.510193,14.827797,104.99608
90.510201,52.838799,117.30914
90.510201,12.214388,117.3454
90.510201,13.105841,121.5211
90.510201,13.094589,108.89829
90.510201,52.834991,113.03934
90.510201,14.846003,125.42018
90.510201,12.210577,113.07558
90.510201,51.94352,108.86365
90.510201,17.35881,128.87231
90.510193,50.203362,104.96456
90.510201,20.534435,131.72653
90.510193,47.690552,101.51244
90.510201,24.2341,133.85812
90.510193,44.514912,98.658211
90.510201,28.296097,135.17392
90.510193,40.815262,96.526627
91.047775,36.753265,95.210823
91.047775,32.506458,94.768265
91.047783,36.788918,135.1664
91.047783,40.848557,133.84331
91.047775,28.26046,95.218353
91.047783,44.544395,131.70506
91.047775,24.200821,96.541443
91.047783,47.714939,128.84523
91.047775,20.504965,98.679657
91.047783,50.221581,125.38864
91.047775,17.334438,101.53952
91.047783,51.954773,121.48642
91.047775,14.827797,104.99608
91.047783,52.838799,117.30914
91.047783,12.214388,117.3454
91.047783,13.105841,121.5211
91.047775,13.094589,108.89829
91.047783,52.834991,113.03934
91.047783,14.846003,125.42018
91.047783,12.210577,113.07557
91.047775,51.94352,108.86365
91.047783,17.35881,128.87231
91.047775,50.203362,104.96456
91.047783,20.534435,131.72653
91.047775,47.690552,101.51244
91.047783,24.2341,133.85812
91.047775,44.514912,98.658211
91.047783,28.296097,135.17392
91.047775,40.815262,96.526627
91.047783,32.5429,135.61649
91.047783,15.320967,120.79917
91.047783,16.862637,124.2535
91.047775,15.311005,109.61626
91.047783,14.527822,113.31705
91.047783,50.518177,113.28495
91.047775,49.728394,109.58558
91.047783,19.088795,127.31181
91.047783,14.5312,117.0998
91.047775,48.186726,106.13125
91.047783,21.902184,129.84047
91.047775,45.960567,103.07294
91.047783,25.179819,131.7289
91.047775,43.147179,100.54428
91.047783,28.778467,132.89462
91.047775,39.869545,98.655853
91.047783,32.540825,133.28667
91.047775,36.270912,97.490128
91.047783,36.30249,132.88789
91.047775,32.508533,97.098076
91.047783,39.899044,131.71579
91.047775,28.746891,97.496857
91.047783,43.173302,129.82147
91.047775,25.150333,98.668961
91.047783,45.982166,127.28782
91.047775,21.876076,100.56325
91.047783,48.202869,124.22555
91.047775,19.067211,103.09692
91.047783,49.738373,120.76846
91.047775,16.846493,106.15913
91.047783,50.521538,117.06767
89.255768,36.30249,132.88789
89.255768,40.53286,131.3035
89.25576,32.508533,97.098076
89.25576,28.746891,97.496857
89.25576,43.149956,129.7894
89.25576,24.516518,99.081253
89.25576,45.395058,127.76427
89.25576,21.899422,100.59531
89.25576,48.202869,124.22555
89.25576,19.65432,102.62048
89.25576,49.738373,120.76846
89.25576,16.846493,106.15913
89.25576,50.4814,116.31264
89.25576,14.570656,117.09562
89.25576,15.201914,120.05248
89.25576,15.311005,109.61626
89.25576,50.478706,113.28913
89.25576,16.862637,124.2535
89.25576,14.567961,114.07207
89.25576,49.84745,110.33226
89.25576,19.088795,127.31181
89.25576,48.186726,106.13125
89.255768,22.576138,130.18323
89.25576,45.960567,103.07294
89.255768,25.19593,131.69264
89.25576,42.473225,100.20152
89.255768,28.072292,132.62439
89.25576,39.853432,98.692108
89.255768,32.540825,133.28667
89.25576,36.97707,97.760361
89.808624,35.07914,128.06107
89.808624,21.264118,121.92498
81.478905,20.23679,122.70992
85.164673,16.604294,120.66473
85.16468,29.303699,131.716
85.16468,32.830551,132.23872
89.808624,32.725021,128.31062
81.478905,32.891136,129.59279
85.164673,45.377293,103.99049
85.164673,42.624863,101.72418
89.808624,42.392105,106.54578
89.808624,32.324352,102.07412
89.808624,29.970238,102.32368
81.478905,29.863846,101.03519
81.478905,32.158237,100.79196
89.808624,22.65731,123.83897
85.164673,47.134319,106.40431
85.164673,19.67207,126.39424
85.164673,22.4245,128.66055
81.478905,35.185524,129.34955
85.164673,48.445068,109.72001
89.808624,20.102844,110.97021
81.478905,43.454773,105.8094
89.808624,44.946541,119.41446
89.808624,43.785263,108.45979
85.164673,17.915043,123.98043
85.164673,16.397268,109.6626
85.164673,15.81081,113.17941
89.808624,43.985619,121.57804
81.478905,46.115601,119.96658
81.478905,45.17905,122.07526
89.808624,21.063803,108.80671
81.478905,19.870358,108.30949
85.164673,19.825291,104.14108
85.164673,17.609173,106.93402
85.164673,48.652107,120.72211
85.164673,49.238552,117.2053
81.478905,21.594635,124.57535
90.577339,27.262974,117.26257
90.577339,28.937647,119.56326
90.577339,33.362694,109.60049
90.577339,30.532906,109.9005
90.577339,31.68663,120.78425
90.577339,38.103447,116.11337
90.577339,37.786377,113.12218
90.577339,26.945873,114.27132
90.577339,34.516449,120.48425
90.577339,36.948334,118.71406
90.577339,28.10099,111.67068
90.577339,36.111679,110.82149
85.164673,29.24988,98.460754
85.164673,32.218815,98.146011
85.164673,39.138371,130.67348
85.16468,35.799496,131.92398
85.164673,35.745667,98.668732
81.478905,44.812588,107.67484
81.478905,18.933784,110.4181
85.164673,47.440189,123.45066
85.164673,45.224087,126.24365
85.164673,25.911001,99.711266
-90.510208,1.6358948,-105.97318
-90.510216,13.105803,-109.71127
-90.510201,12.21435,-113.88697
-90.510216,0.21787262,-112.61528
-65.293968,0.21787262,-112.61529
-65.293968,1.6358948,-105.97318
-90.510201,12.210539,-118.1568
-90.510201,0.21183395,-119.4071
-65.293976,0.21183395,-119.4071
-91.047791,13.105803,-109.71127
-91.047783,12.21435,-113.88697
-91.047783,12.210539,-118.1568
-91.047791,15.320929,-110.4332
-91.047783,14.531162,-114.13258
-91.047783,14.527784,-117.91532
-89.255768,15.201876,-111.17989
-89.255768,14.570618,-114.13676
-89.255768,14.567923,-117.1603
-89.80864,21.26408,-109.30739
-89.808624,20.102806,-120.26216
-90.577339,26.945835,-116.96104
-90.577339,28.100954,-119.56169
-89.808624,21.063766,-122.42567
-90.577339,27.262938,-113.96981
-81.478912,18.933746,-120.81428
-85.16468,15.810772,-118.05296
-81.478912,19.870319,-122.92288
-85.16468,16.397232,-121.56977
-85.16468,17.609137,-124.29835
-89.255768,15.310966,-121.61612
-89.255768,16.846455,-125.07323
-85.16468,19.825253,-127.09129
-89.255768,19.654282,-128.61189
-89.808624,29.9702,-128.90869
-89.255768,21.899385,-130.63705
-91.047783,19.067173,-128.13545
-91.047783,21.87604,-130.66913
-91.047783,16.846455,-125.07323
-91.047783,17.334402,-129.69286
-91.047783,20.504929,-132.55272
-91.047783,14.827759,-126.2363
-90.510201,17.334402,-129.69286
-90.510201,20.504929,-132.55272
-90.510201,14.827759,-126.2363
-90.510201,8.3621521,-137.75705
-90.510201,13.405384,-142.30612
-90.510201,4.3749371,-132.25882
-65.293976,13.405384,-142.30612
-65.293976,8.3621521,-137.75705
-65.293976,4.3749371,-132.25882
-65.293968,32.524647,-116.04001
-65.293976,1.6179981,-126.05176
-90.510201,1.6179981,-126.05176
-90.510201,13.094551,-122.33408
-91.047783,13.094551,-122.33408
-91.047783,15.310966,-121.61612
-65.293968,4.4039097,-99.771019
-90.510208,4.4039097,-99.771011
-65.293968,8.400919,-94.279915
-90.510208,8.400919,-94.279907
-90.510208,14.845964,-105.81219
-90.510208,17.358772,-102.36006
-91.047791,14.845964,-105.81219
-91.047791,17.358772,-102.36006
-91.047791,16.8626,-106.97887
-91.047791,19.088757,-103.92057
-89.255768,16.8626,-106.97887
-89.255768,19.088757,-103.92056
-85.16468,17.915005,-107.25194
-85.16468,16.604256,-110.56764
-85.16468,19.672031,-104.83813
-81.478912,20.236752,-108.52245
-81.478912,21.594597,-106.65703
-89.80864,22.657274,-107.3934
-85.16468,22.424463,-102.57182
-89.255768,22.576099,-101.04915
-91.047791,21.902147,-101.39191
-89.255768,25.195892,-99.539734
-91.047791,25.179781,-99.503479
-91.047791,20.534397,-99.505836
-91.047791,24.234064,-97.374252
-90.510208,20.534397,-99.505836
-90.510208,24.234064,-97.374252
-90.510208,13.452269,-89.739792
-90.510208,19.337151,-86.349197
-65.293968,13.452269,-89.739792
-65.293968,19.337151,-86.349197
-65.293968,25.798403,-84.256157
-65.293968,32.553616,-83.552238
-90.510208,25.798403,-84.256157
-90.510208,32.553616,-83.552231
-90.510208,28.296059,-96.058449
-90.510208,32.542862,-95.615891
-91.047791,28.296059,-96.058449
-91.047791,32.542862,-95.615891
-91.047791,28.778429,-98.337753
-91.047791,32.540787,-97.945702
-89.255768,28.072256,-98.607986
-89.255768,32.540787,-97.945702
-89.80864,32.724983,-102.92175
-85.16468,32.830513,-98.993645
-85.16468,29.303661,-99.516365
-81.478912,32.891098,-101.63959
-85.16468,35.799458,-99.30838
-81.478912,35.185486,-101.88282
-89.80864,35.079102,-103.17131
-85.16468,39.138332,-100.5589
-89.255768,40.532822,-99.928879
-89.255768,45.39502,-103.4681
-89.80864,43.98558,-109.65434
-89.255768,43.149918,-101.44297
-90.577354,36.948296,-112.51831
-90.577354,34.516411,-110.74812
-90.577354,31.686592,-110.44812
-90.577354,28.937609,-111.66911
-90.577339,38.103409,-115.119
-90.577339,37.786339,-118.11019
-89.80864,44.946503,-111.81791
-89.808624,43.785221,-122.77258
-81.478912,46.115562,-111.26579
-85.16468,49.238514,-114.02708
-89.255768,50.481361,-114.91973
-81.478912,45.179008,-109.15712
-89.255768,50.478668,-117.94324
-89.255768,49.847412,-120.90011
-85.16468,48.652069,-110.51026
-89.255768,49.738335,-110.46391
-91.047783,50.5215,-114.16471
-91.047791,49.738335,-110.46391
-91.047783,50.518139,-117.94743
-85.16468,47.440151,-107.78172
-89.255768,48.202831,-107.00683
-85.16468,45.224049,-104.98872
-91.047791,48.202831,-107.00683
-91.047791,45.982128,-103.94455
-91.047791,50.221542,-105.84373
-91.047791,47.714897,-102.38715
-91.047791,51.954735,-109.74595
-90.510208,50.221542,-105.84373
-90.510208,47.714897,-102.38715
-90.510216,51.954735,-109.74595
-90.510193,60.674347,-99.821243
-90.510193,56.687149,-94.322983
-90.510193,63.43129,-106.0283
-65.293968,56.687149,-94.322983
-65.293968,60.674347,-99.821243
-65.293968,63.43129,-106.02831
-65.293968,64.837448,-112.67296
-65.293976,64.831398,-119.46471
-90.510193,64.837448,-112.67295
-90.510201,64.831398,-119.46471
-90.510201,52.83876,-113.92323
-90.510201,52.834953,-118.19302
-91.047783,52.83876,-113.92323
-91.047783,52.834953,-118.19302
-91.047783,51.943481,-122.36872
-91.047783,49.728355,-121.6468
-90.510201,51.943481,-122.36872
-91.047783,48.186684,-125.10112
-89.255768,48.186684,-125.10112
-91.047783,50.203323,-126.26781
-85.16468,47.134277,-124.82806
-85.16468,48.44503,-121.51236
-81.478912,44.81255,-123.55753
-85.16468,45.377254,-127.24187
-81.478912,43.454731,-125.42297
-89.808624,42.392067,-124.6866
-85.164688,42.624825,-129.50818
-89.255768,42.473186,-131.03085
-89.255768,39.853394,-132.54027
-89.255768,36.977032,-133.472
-89.808624,32.324314,-129.15825
-90.577339,36.111641,-120.41088
-90.577339,33.362656,-121.63187
-90.577339,30.532867,-121.33188
-89.255768,24.516481,-132.15112
-81.478912,32.158199,-130.44041
-81.478912,29.863808,-130.19717
-85.164688,25.910963,-131.5211
-85.164688,29.249842,-132.77161
-85.164688,32.218777,-133.08636
-89.255768,28.746853,-133.73552
-89.255768,32.508495,-134.13429
-91.047783,28.746853,-133.73552
-91.047783,32.508495,-134.13429
-91.047783,25.150295,-132.5634
-91.047783,28.260424,-136.01402
-91.047783,32.50642,-136.46411
-91.047783,24.200783,-134.69093
-90.510201,28.260424,-136.01402
-90.510201,32.50642,-136.46411
-90.510201,24.200783,-134.69093
-90.510201,25.741709,-147.81178
-90.510201,32.495651,-148.52777
-90.510201,19.284222,-145.70724
-65.293976,32.495651,-148.52777
-65.293976,25.741709,-147.81178
-65.293976,19.284222,-145.70724
-65.293976,39.25087,-147.82384
-65.293976,45.71212,-145.7308
-90.510201,45.71212,-145.7308
-90.510201,39.25087,-147.82384
-90.510201,36.753227,-136.02155
-90.510201,40.815224,-134.70575
-91.047783,36.753227,-136.02155
-91.047783,40.815224,-134.70575
-91.047783,36.270874,-133.74223
-91.047783,39.869503,-132.57651
-85.164688,35.745628,-132.56364
-91.047783,43.147141,-130.68808
-91.047783,44.514874,-132.57416
-89.255768,45.960529,-128.15942
-91.047783,45.960529,-128.15942
-91.047783,47.690514,-129.71994
-90.510201,44.514874,-132.57416
-90.510201,47.690514,-129.71994
-90.510201,51.597,-142.34021
-90.510201,56.648354,-137.80008
-65.293976,56.648354,-137.80009
-65.293976,51.597,-142.34021
-65.293976,60.645363,-132.30899
-65.293976,63.413376,-126.10683
-90.510201,63.413376,-126.10683
-90.510201,60.645363,-132.30898
-90.510201,50.203323,-126.26781
-65.293968,51.643917,-89.77388
-65.293968,45.765079,-86.372749
-90.510208,45.765079,-86.372742
-90.510193,51.643917,-89.77388
-90.510208,44.544357,-99.527313
-90.510208,40.848518,-97.389069
-91.047791,44.544357,-99.527313
-91.047791,40.848518,-97.389069
-91.047791,43.173264,-101.4109
-91.047791,39.899006,-99.516586
-89.255768,36.302452,-98.344482
-91.047791,36.302452,-98.344482
-91.047791,36.788879,-96.065979
-90.510208,36.788879,-96.065979
-90.510208,39.307579,-84.268211
-65.293968,39.307579,-84.268219
90.510208,32.553616,-83.552246
90.510201,39.307579,-84.268234
65.293961,39.307579,-84.268227
65.293961,32.553616,-83.552246
90.510193,39.25087,-147.82387
90.510193,32.495651,-148.52779
65.293953,32.495651,-148.52779
65.293953,39.25087,-147.82385
90.510201,45.765083,-86.372765
65.293961,45.765083,-86.372757
90.510193,25.741709,-147.8118
65.293953,25.741709,-147.8118
90.510193,51.643917,-89.773895
65.293961,51.643917,-89.773895
90.510193,19.28422,-145.70728
65.293953,19.28422,-145.70728
90.510193,56.687149,-94.322998
65.293961,56.687149,-94.322998
90.510193,13.405384,-142.30614
65.293961,13.405384,-142.30614
90.510193,60.674347,-99.821266
65.293961,60.674347,-99.821259
90.510193,8.3621521,-137.75706
65.293961,8.3621521,-137.75706
90.510193,63.43129,-106.02832
65.293961,63.43129,-106.02831
90.510193,4.3749371,-132.25883
65.293961,4.3749371,-132.25883
90.510193,64.837448,-112.67297
65.293961,64.837448,-112.67297
90.510201,0.21787262,-112.6153
90.510201,1.6358948,-105.97319
65.293968,1.6358948,-105.97319
65.293961,0.21787262,-112.6153
90.510193,1.6179981,-126.05178
65.293961,1.6179981,-126.05177
90.510193,64.831398,-119.46473
65.293953,64.831398,-119.46473
90.510201,4.4039097,-99.771034
65.293968,4.4039097,-99.771027
90.510201,0.21183395,-119.40713
65.293961,0.21183395,-119.40712
90.510185,63.413376,-126.10684
65.293953,63.413376,-126.10684
90.510201,8.400919,-94.27993
65.293968,8.400919,-94.279922
90.510185,60.645363,-132.30901
65.293953,60.645363,-132.30901
90.510201,13.452269,-89.739807
65.293968,13.452269,-89.739807
90.510185,56.648354,-137.80011
65.293953,56.648354,-137.80011
90.510201,19.337149,-86.349213
65.293968,19.337149,-86.349213
90.510185,51.597,-142.34023
65.293953,51.597,-142.34023
90.510201,25.798403,-84.256172
65.293961,25.798403,-84.256172
90.510185,45.71212,-145.73082
65.293953,45.71212,-145.73082
65.293953,32.524647,-116.04002
90.510201,32.542862,-95.615906
90.510201,36.788879,-96.065994
90.510193,36.753227,-136.02158
90.510193,32.50642,-136.46413
90.510201,40.848518,-97.389084
90.510193,28.260422,-136.01404
90.510201,44.544357,-99.527328
90.510193,24.200783,-134.69095
90.510201,47.714901,-102.38716
90.510193,20.504927,-132.55273
90.510201,50.221542,-105.84375
90.510193,17.3344,-129.69287
90.510201,51.954735,-109.74597
90.510193,14.827759,-126.23631
90.510201,52.83876,-113.92325
90.510201,12.21435,-113.88699
90.510201,13.105803,-109.71129
90.510201,13.094551,-122.3341
90.510201,52.834953,-118.19305
90.510201,14.845964,-105.81221
90.510201,12.210539,-118.15681
90.510201,51.943481,-122.36874
90.510201,17.358772,-102.36008
90.510193,50.203323,-126.26783
90.510201,20.534397,-99.505852
90.510193,47.690514,-129.71996
90.510201,24.234062,-97.374268
90.510193,44.514874,-132.57419
90.510201,28.296059,-96.058464
90.510193,40.815224,-134.70576
91.047775,36.753227,-136.02158
91.047775,32.50642,-136.46413
91.047783,36.788879,-96.065994
91.047783,40.848518,-97.389084
91.047775,28.260422,-136.01404
91.047783,44.544357,-99.527328
91.047775,24.200783,-134.69095
91.047783,47.714901,-102.38716
91.047775,20.504927,-132.55273
91.047783,50.221542,-105.84375
91.047775,17.3344,-129.69287
91.047783,51.954735,-109.74597
91.047775,14.827759,-126.23631
91.047783,52.83876,-113.92325
91.047783,12.21435,-113.88699
91.047783,13.105803,-109.71129
91.047775,13.094551,-122.3341
91.047783,52.834953,-118.19305
91.047783,14.845964,-105.81221
91.047783,12.210539,-118.15682
91.047775,51.943481,-122.36874
91.047783,17.358772,-102.36008
91.047775,50.203323,-126.26783
91.047783,20.534397,-99.505852
91.047775,47.690514,-129.71996
91.047783,24.234062,-97.374268
91.047775,44.514874,-132.57419
91.047783,28.296059,-96.058464
91.047775,40.815224,-134.70576
91.047783,32.542862,-95.615906
91.047783,15.320929,-110.43322
91.047783,16.862598,-106.97889
91.047775,15.310966,-121.61613
91.047783,14.527784,-117.91534
91.047783,50.518139,-117.94744
91.047775,49.728355,-121.64681
91.047783,19.088757,-103.92059
91.047783,14.531162,-114.13259
91.047775,48.186687,-125.10114
91.047783,21.902145,-101.39193
91.047775,45.960529,-128.15945
91.047783,25.179781,-99.503502
91.047775,43.147141,-130.68811
91.047783,28.778429,-98.337776
91.047775,39.869507,-132.57654
91.047783,32.540787,-97.945717
91.047775,36.270874,-133.74226
91.047783,36.302452,-98.344498
91.047775,32.508495,-134.13432
91.047783,39.899006,-99.516609
91.047775,28.746853,-133.73553
91.047783,43.173264,-101.41093
91.047775,25.150295,-132.56343
91.047783,45.982128,-103.94457
91.047775,21.876038,-130.66914
91.047783,48.202831,-107.00684
91.047775,19.067173,-128.13547
91.047783,49.738335,-110.46393
91.047775,16.846455,-125.07326
91.047783,50.5215,-114.16473
89.255768,36.302452,-98.344498
89.255768,40.532822,-99.928894
89.25576,32.508495,-134.13432
89.25576,28.746853,-133.73553
89.25576,43.149918,-101.44299
89.25576,24.516479,-132.15114
89.25576,45.39502,-103.46812
89.25576,21.899384,-130.63707
89.25576,48.202831,-107.00684
89.25576,19.654282,-128.61192
89.25576,49.738335,-110.46393
89.25576,16.846455,-125.07326
89.25576,50.481361,-114.91975
89.25576,14.570618,-114.13677
89.25576,15.201876,-111.17991
89.25576,15.310966,-121.61613
89.25576,50.478668,-117.94326
89.25576,16.862598,-106.97889
89.25576,14.567923,-117.16032
89.25576,49.847412,-120.90013
89.25576,19.088757,-103.92059
89.25576,48.186687,-125.10114
89.255768,22.576099,-101.04916
89.25576,45.960529,-128.15945
89.255768,25.195892,-99.539749
89.25576,42.473186,-131.03087
89.255768,28.072254,-98.608002
89.25576,39.853394,-132.54028
89.255768,32.540787,-97.945717
89.25576,36.977032,-133.47203
89.808624,35.079102,-103.17133
89.808624,21.26408,-109.30741
81.478905,20.236752,-108.52247
85.164673,16.604256,-110.56767
85.16468,29.303661,-99.51638
85.16468,32.830513,-98.993668
89.808624,32.724983,-102.92177
81.478905,32.891098,-101.6396
85.164673,45.377254,-127.2419
85.164673,42.624825,-129.50821
89.808624,42.392067,-124.68661
89.808624,32.324314,-129.15826
89.808624,29.9702,-128.90871
81.478905,29.863808,-130.1972
81.478905,32.158199,-130.44043
89.808624,22.657272,-107.39342
85.164673,47.134281,-124.82808
85.164673,19.672031,-104.83815
85.164673,22.424461,-102.57184
81.478905,35.185486,-101.88284
85.164673,48.44503,-121.51238
89.808624,20.102806,-120.26218
81.478905,43.454735,-125.42299
89.808624,44.946503,-111.81793
89.808624,43.785225,-122.77261
85.164673,17.915005,-107.25196
85.164673,16.39723,-121.56979
85.164673,15.810772,-118.05298
89.808624,43.98558,-109.65435
81.478905,46.115562,-111.26581
81.478905,45.179012,-109.15714
89.808624,21.063765,-122.42568
81.478905,19.870319,-122.9229
85.164673,19.825253,-127.09131
85.164673,17.609135,-124.29837
85.164673,48.652069,-110.51028
85.164673,49.238514,-114.02709
81.478905,21.594597,-106.65704
90.577339,27.262936,-113.96983
90.577339,28.937609,-111.66914
90.577339,33.362656,-121.6319
90.577339,30.532867,-121.33189
90.577339,31.686592,-110.44814
90.577339,38.103409,-115.11903
90.577339,37.786339,-118.11021
90.577339,26.945835,-116.96107
90.577339,34.516411,-110.74814
90.577339,36.948296,-112.51833
90.577339,28.100952,-119.56171
90.577339,36.111641,-120.4109
85.164673,29.249842,-132.77164
85.164673,32.218777,-133.08638
85.164673,39.138332,-100.55891
85.16468,35.799458,-99.308403
85.164673,35.745628,-132.56366
81.478905,44.81255,-123.55755
81.478905,18.933746,-120.81429
85.164673,47.440151,-107.78173
85.164673,45.224049,-104.98874
85.164673,25.910963,-131.52113
-20.615807,85.386177,-169.08821
20.615807,85.386177,-169.08821
20.615807,85.386177,-168.06314
-20.615807,85.386177,-168.06314
20.617308,69.367157,-169.08821
-20.617308,69.367157,-169.08821
-20.617308,69.367157,-168.06314
20.617308,69.367157,-168.06314
75.187706,22.939865,21.853485
75.138039,23.155785,-30.128641
75.183426,61.104034,-30.054777
75.225449,60.921364,13.923203
75.219963,44.900124,21.905979
75.166794,45.567795,-47.466881
12.591187,45.752125,-47.471474
18.027237,123.90578,-59.422752
70.014687,123.79619,-59.420074
12.545822,23.341034,-30.133236
12.545929,23.127842,21.848896
12.578178,45.088097,21.901388
12.591278,61.108917,13.918613
12.591202,61.28928,-30.05937
75.121399,23.228107,-47.540745
12.545792,23.412441,-47.545341
18.027267,123.90053,-42.885132
70.024765,123.79054,-42.882446
-70.024773,123.79051,-42.882446
-75.183403,61.103996,-30.054777
-12.591194,61.289272,-30.05937
-18.02729,123.90051,-42.885132
-75.187691,22.939831,21.853485
-75.219963,44.900085,21.905979
-75.225441,60.921326,13.923203
-75.137993,23.15575,-30.128641
-75.166771,45.567757,-47.466881
-70.014702,123.79615,-59.420074
-18.02726,123.90577,-59.422752
-12.591156,45.752117,-47.471474
-12.545792,23.341026,-30.133236
-12.59127,61.10891,13.918613
-12.578148,45.088089,21.901388
-12.545898,23.127834,21.848896
-75.121361,23.228073,-47.540745
-12.545761,23.412434,-47.545341
-1.5258789e-05,107.327,76.11956
13.641144,107.59778,50.088341
-1.5258789e-05,107.63676,50.088345
80.796791,75.085609,44.803799
80.796791,92.226868,45.173584
80.796799,49.687881,77.576805
23.967567,105.01311,49.253624
70.467323,104.83652,49.253601
70.465332,104.1684,50.873363
23.965569,104.34498,50.873386
13.629211,92.415771,45.173622
23.628738,75.245865,44.803825
80.796783,107.40888,50.088314
80.796783,107.09,76.119545
20.054939,49.7929,77.576805
12.514297,27.038013,77.576813
12.50589,27.037991,-69.83065
7.5082169,31.378086,-69.83065
7.5144806,34.969177,31.820316
-7.6293945e-06,92.454758,45.173634
-7.6293945e-06,75.313507,44.803837
-7.6293945e-06,31.378084,-69.830643
-7.6293945e-06,34.969177,31.82032
70.467323,94.811523,46.008297
23.961723,94.988121,46.008335
70.465332,94.143394,47.628059
23.959732,94.319984,47.628098
-80.796837,107.08996,76.119553
-80.796837,107.40884,50.088322
-80.796822,75.085571,44.803802
-80.796822,49.687843,77.576828
-80.796837,92.226822,45.173588
-23.628754,75.24585,44.803829
-20.054955,49.792896,77.576828
-12.51429,27.038013,77.576836
-7.5144806,34.969177,31.82032
-7.5082169,31.37808,-69.83065
-12.505898,27.037983,-69.83065
39.19379,87.395325,32.938931
37.085144,90.042786,22.534948
39.359959,89.300446,22.168243
40.584976,86.941345,32.714668
45.802856,87.395325,32.938931
47.892052,90.042778,22.534948
50.767181,94.507568,24.740501
47.561169,90.125816,34.287758
46.950497,93.23082,35.821583
49.768646,99.584763,27.24856
45.363712,102.89866,28.885584
44.256626,95.257462,36.822716
39.738621,102.78827,28.935843
40.816544,95.189957,36.853451
38.046131,93.23082,35.821583
35.208534,99.584755,27.24856
34.335159,94.397194,24.79076
37.512016,90.058311,34.318489
56.9076,101.89911,31.305927
48.189018,108.45822,34.546066
48.189018,110.62054,30.168787
56.907597,104.06143,26.928642
31.80341,85.175194,17.599108
40.585011,82.309525,16.183495
42.498352,77.833366,13.972326
29.041916,82.224556,16.141529
39.193798,57.457542,93.595604
40.584984,57.003563,93.371338
53.193302,85.175186,17.599113
58.883991,94.01226,21.964512
63.114845,93.343407,21.634108
55.954788,82.224541,16.141531
36.80769,108.45822,34.546066
28.089073,101.89909,31.305929
28.089073,104.06142,26.928648
36.80769,110.62054,30.168783
26.112732,91.849953,26.341797
26.112732,94.012268,21.964516
49.658375,112.07773,36.334049
60.628139,103.825,32.257298
60.628139,105.98732,27.880013
49.658375,114.24004,31.956768
42.498352,75.671043,18.349611
29.041916,80.062233,20.518814
63.114845,91.181091,26.011393
55.954788,80.062225,20.518816
44.411705,80.147202,20.560778
53.193302,83.012863,21.976397
21.881882,91.181091,26.011393
31.80341,83.012878,21.976393
24.368523,103.82499,32.257298
35.338329,112.07772,36.334049
58.883991,91.849945,26.341795
21.881882,93.343414,21.634108
24.368523,105.98731,27.880013
35.338329,114.24004,31.956766
40.585011,80.147202,20.560778
44.411705,82.309525,16.183496
44.411671,86.941345,32.714668
45.617233,89.300446,22.168243
40.081741,101.93059,28.508787
45.019016,102.03156,28.456444
44.678471,101.77831,26.715473
40.402748,101.69086,26.760801
37.43549,60.188026,94.944435
38.046143,63.293026,96.478256
40.740021,65.319672,97.479393
44.256634,65.319672,97.479393
46.950508,63.29303,96.478256
47.561172,60.18803,94.944435
45.80286,57.457542,93.595604
44.411678,57.003563,93.371338
47.233532,90.744743,22.885895
49.75827,94.665413,24.822655
48.88142,99.124619,27.023478
36.103607,99.122955,27.015945
35.336697,94.561981,24.86879
37.750042,90.744644,22.880863
39.529713,90.163002,22.595787
45.447487,90.162491,22.596815
46.596256,92.003822,21.891331
45.049522,91.499588,21.640984
39.924679,91.500031,21.640093
38.383472,92.003746,21.886971
36.293495,95.309586,23.608536
36.957642,99.25943,25.467991
48.023342,99.260864,25.474512
48.7827,95.399155,23.568579
26.621109,143.30563,-59.422756
26.621124,143.29979,-42.885136
61.429234,143.17749,-42.88245
61.422482,143.18376,-59.420078
-26.621124,143.30562,-59.422756
-61.422508,143.18372,-59.420078
-61.429253,143.17744,-42.88245
-26.62114,143.29977,-42.885136
26.621101,126.38269,-59.422752
61.422485,126.26082,-59.420074
61.429234,126.25453,-42.882446
26.621124,126.37683,-42.885132
-26.621132,126.38268,-59.422752
-26.621147,126.37682,-42.885132
-61.429237,126.2545,-42.882446
-61.422508,126.26077,-59.420074
53.820187,127.56294,-55.807697
53.82019,115.19139,-55.807693
34.224873,115.28047,-55.809204
34.224876,127.65204,-55.809208
-53.820198,127.56291,-55.807697
-53.820213,115.19135,-55.807693
-53.823997,115.18677,-46.495995
-53.823997,127.55832,-46.495998
-34.224907,115.27618,-46.497509
-34.224907,127.64774,-46.497513
53.823986,127.55835,-46.495998
53.823986,115.18678,-46.495995
34.224884,127.64777,-46.497513
34.224888,115.2762,-46.497509
-34.224892,115.28046,-55.809204
-34.224892,127.65202,-55.809208
-92.200935,92.285843,-50.514748
-92.200935,92.285843,-47.170265
-94.786575,93.149689,-48.092033
-94.786575,93.149689,-50.514748
-92.200935,96.547409,-47.170265
-89.019051,96.547409,-47.170265
-89.019051,96.547409,-50.514748
-92.200935,96.547409,-50.514748
-94.786575,95.683571,-50.514748
-94.786575,95.683563,-62.604263
-94.786575,93.149681,-62.604263
-89.019051,92.285843,-50.514748
-89.019051,92.285843,-47.170265
-94.786575,95.683571,-48.092033
-92.200935,92.285843,-62.604263
-94.786575,95.683563,-65.126968
-94.786575,93.149681,-65.126968
-92.200935,96.547409,-62.604263
-92.200935,96.547409,-66.048737
-89.019051,96.547409,-66.048737
-89.019051,92.285843,-66.048737
-92.200935,92.285843,-66.048737
-89.019051,92.285843,-62.604263
-89.019051,96.547409,-62.604263
-84.788742,29.237766,-66.03952
-84.747406,28.958878,66.701889
-91.383766,48.624763,71.797272
-91.383766,48.946732,-69.084503
-86.136879,110.62431,61.247334
-83.231163,109.87804,61.249168
-83.316864,109.12888,-64.637329
-86.22258,109.87514,-64.63916
-68.52877,166.82721,-62.040756
-71.434486,167.57346,-62.042587
-71.497223,167.38956,-0.76365662
-68.591507,166.6433,-0.76181793
-87.11599,106.85056,71.797256
-87.218163,105.98119,-69.084503
-91.383766,88.324799,-69.084503
-91.414238,88.065636,71.797264
-70.932411,169.51553,-65.885284
-71.002914,169.31604,0.78960419
-83.934807,106.85056,73.071106
-68.835236,169.21629,0.71279907
-68.764748,169.4158,-67.83783
-83.934807,48.829556,73.071114
-83.934807,104.98949,-70.960236
-83.934807,49.074509,-70.960236
-83.934807,28.179962,67.975746
-83.934807,28.440052,-67.915253
-92.79052,101.46158,61.186653
-85.839424,101.46158,62.524635
-85.839424,107.00081,62.524635
-92.79052,107.00081,61.186653
-91.976776,101.46158,57.070915
-84.993805,101.46158,50.311115
-90.895554,101.46158,51.602341
-90.895554,107.00081,51.602341
-84.993805,107.00081,50.311115
-91.976776,107.00081,57.070911
-91.976776,108.12691,57.070911
-92.79052,108.12691,61.186653
-95.20211,101.46157,56.433216
-95.20211,107.00081,56.433212
-95.20211,108.12691,56.433212
-92.920563,117.18864,56.884308
-91.976776,118.1507,57.070911
-92.920563,109.08897,56.884312
-92.79052,118.1507,61.186649
-95.20211,109.08897,56.433212
-95.20211,117.18864,56.433212
-107.07462,109.08897,54.085846
-107.07462,117.18864,54.085846
-108.01841,108.12691,53.899254
-108.01841,118.1507,53.89925
-108.83215,108.12691,58.014992
-108.83215,118.1507,58.014988
-96.015862,108.12691,60.548958
-96.015862,118.1507,60.548954
-96.015862,107.00081,60.548958
-95.20211,118.1507,56.433212
-96.015862,101.46158,60.548958
-83.231171,109.87804,61.249168
-68.591515,166.64331,-0.76181853
-68.528778,166.82721,-62.040752
-83.316864,109.12888,-64.637337
92.200935,92.285843,-50.51474
94.786575,93.149689,-50.51474
94.786575,93.149689,-48.092026
92.200935,92.285843,-47.170258
92.200935,96.547409,-47.170258
92.200935,96.547409,-50.51474
89.019043,96.547409,-50.51474
89.019043,96.547409,-47.170258
94.786575,93.149681,-62.604263
94.786575,95.683571,-62.604263
94.786575,95.683571,-50.51474
89.019043,92.285843,-47.170258
89.019043,92.285843,-50.51474
94.786575,95.683571,-48.092026
92.200935,92.285843,-62.604263
94.786575,93.149681,-65.126968
94.786575,95.683571,-65.126968
92.200935,96.547409,-66.048737
92.200935,96.547409,-62.604263
92.200935,92.285843,-66.048737
89.019043,92.285843,-66.048737
89.019043,96.547409,-66.048737
89.019043,96.547409,-62.604263
89.019043,92.285843,-62.604263
84.788734,29.237762,-66.039505
91.383766,48.946724,-69.084503
91.383766,48.624763,71.797256
84.747406,28.958878,66.701881
86.136871,110.62431,61.247322
86.22258,109.87514,-64.63916
83.316864,109.12888,-64.637329
83.231155,109.87804,61.249161
71.434486,167.57347,-62.042587
68.52877,166.82721,-62.040741
71.497223,167.38956,-0.76365662
68.591507,166.6433,-0.76182556
87.115982,106.85056,71.797241
91.41423,88.065636,71.797249
91.383766,88.324799,-69.084503
87.218163,105.98119,-69.084503
70.932411,169.51555,-65.885284
71.002907,169.31607,0.78960419
68.835236,169.21631,0.71279907
83.934799,106.85056,73.071091
68.76474,169.41582,-67.837814
83.934799,48.829552,73.071098
83.934799,104.98949,-70.960236
83.934799,49.074509,-70.960236
83.934799,28.179958,67.975731
83.934799,28.440048,-67.915237
84.993759,101.46158,50.311111
84.993759,107.00081,50.311108
90.895515,107.00081,51.602333
90.895515,101.46158,51.602341
92.790466,101.46158,61.186646
92.790466,107.00081,61.186646
85.839378,107.00081,62.524628
85.839378,101.46158,62.524632
91.97673,101.46158,57.070908
91.97673,107.00081,57.070904
92.790466,108.12691,61.186646
96.015808,108.12691,60.54895
96.015808,118.1507,60.548946
92.790466,118.1507,61.186646
108.83211,108.12691,58.014984
108.83211,118.1507,58.014984
95.202072,109.08896,56.433208
92.920525,109.08896,56.884304
92.920525,117.18864,56.8843
95.202072,117.18864,56.433205
91.97673,108.12691,57.070904
95.202072,118.1507,56.433205
91.97673,118.1507,57.070904
96.015808,107.00081,60.54895
95.202072,107.00081,56.433208
95.202072,108.12691,56.433208
108.01837,108.12691,53.899246
108.01837,118.1507,53.899246
107.07458,117.18864,54.085846
107.07458,109.08896,54.085846
96.015808,101.46158,60.54895
95.202072,101.46157,56.433208
83.316864,109.12888,-64.637329
68.528778,166.82721,-62.040737
68.591515,166.64331,-0.76181853
83.231163,109.87804,61.249165
1676
0 1
1 2
2 3
3 4
4 5
5 6
6 7
7 8
8 9
9 10
10 11
11 12
12 13
13 14
14 15
15 16
16 17
17 18
18 19
19 20
20 21
21 22
22 23
23 24
24 25
25 26
26 27
27 28
28 29
29 30
30 31
31 32
32 33
33 34
34 35
35 36
36 37
37 38
38 39
39 40
40 41
41 42
42 43
43 44
44 45
45 46
46 47
47 48
48 49
49 50
50 51
51 52
52 53
53 54
54 55
55 56
56 57
57 58
58 59
59 60
60 61
61 62
62 63
63 64
64 65
65 66
66 67
67 68
68 69
69 70
70 71
71 72
72 73
73 74
74 75
75 76
76 77
77 78
78 79
79 80
80 81
81 82
82 83
83 84
84 85
85 86
86 87
87 88
88 89
89 90
90 91
91 92
92 93
93 94
94 95
95 96
96 97
97 98
98 99
99 100
100 101
101 102
102 103
103 104
104 105
105 106
106 107
107 108
108 109
109 110
110 111
111 112
112 113
113 114
114 115
115 116
116 117
117 118
118 119
119 120
120 121
121 122
122 123
123 124
124 125
125 126
126 127
127 128
128 129
129 130
130 131
131 132
132 133
133 134
134 135
135 136
136 137
137 138
138 139
139 140
140 141
141 142
142 143
143 144
144 145
145 146
146 147
147 148
148 149
149 150
150 151
151 152
152 153
153 154
154 155
155 156
156 157
157 158
158 159
159 160
160 161
161 162
162 163
163 164
164 165
165 166
166 167
167 168
168 169
169 170
170 171
171 172
172 173
173 174
174 175
175 176
176 177
177 178
178 179
179 180
180 181
181 182
182 183
183 184
184 185
185 186
186 187
187 188
188 189
189 190
190 191
191 192
192 193
193 194
194 195
195 196
196 197
197 198
198 199
199 200
200 201
201 202
202 203
203 204
204 205
205 206
206 207
207 208
208 209
209 210
210 211
211 212
212 213
213 214
214 215
215 216
216 217
217 218
218 219
219 220
220 221
221 222
222 223
223 224
224 225
225 226
226 227
227 228
228 229
229 230
230 231
231 232
232 233
233 234
234 235
235 236
236 237
237 238
238 239
239 240
240 241
241 242
242 243
243 244
244 245
245 246
246 247
247 248
248 249
249 250
250 251
251 252
252 253
253 254
254 255
255 256
256 257
257 258
258 259
259 260
260 261
261 262
262 263
263 264
264 265
265 266
266 267
267 268
268 269
269 270
270 271
271 272
272 273
273 274
274 275
275 276
276 277
277 278
278 279
279 280
280 281
281 282
282 283
283 284
284 285
285 286
286 287
287 288
288 289
289 290
290 291
291 292
292 293
293 294
294 295
295 296
296 297
297 298
298 299
299 300
300 301
301 302
302 303
303 304
304 305
305 306
306 307
307 308
308 309
309 310
310 311
311 312
312 313
313 314
314 315
315 316
316 317
317 318
318 319
319 320
320 321
321 322
322 323
323 324
324 325
325 326
326 327
327 328
328 329
329 330
330 331
331 332
332 333
333 334
334 335
335 336
336 337
337 338
338 339
339 340
340 341
341 342
342 343
343 344
344 345
345 346
346 347
347 348
348 349
349 350
350 351
351 352
352 353
353 354
354 355
355 356
356 357
357 358
358 359
359 360
360 361
361 362
362 363
363 364
364 365
365 366
366 367
367 368
368 369
369 370
370 371
371 372
372 373
373 374
374 375
375 376
376 377
377 378
378 379
379 380
380 381
381 382
382 383
383 384
384 385
385 386
386 387
387 388
388 389
389 390
390 391
391 392
392 393
393 394
394 395
395 396
396 397
397 398
398 399
399 400
400 401
401 402
402 403
403 404
404 405
405 406
406 407
407 408
408 409
409 410
410 411
411 412
412 413
413 414
414 415
415 416
416 417
417 418
418 419
419 420
420 421
421 422
422 423
423 424
424 425
425 426
426 427
427 428
428 429
429 430
430 431
431 432
432 433
433 434
434 435
435 436
436 437
437 438
438 439
439 440
440 441
441 442
442 443
443 444
444 445
445 446
446 447
447 448
448 449
449 450
450 451
451 452
452 453
453 454
454 455
455 456
456 457
457 458
458 459
459 460
460 461
461 462
462 463
463 464
464 465
465 466
466 467
467 468
468 469
469 470
470 471
471 472
472 473
473 474
474 475
475 476
476 477
477 478
478 479
479 480
480 481
481 482
482 483
483 484
484 485
485 486
486 487
487 488
488 489
489 490
490 491
491 492
492 493
493 494
494 495
495 496
496 497
497 498
498 499
499 500
500 501
501 502
502 503
503 504
504 505
505 506
506 507
507 508
508 509
509 510
510 511
511 512
512 513
513 514
514 515
515 516
516 517
517 518
518 519
519 520
520 521
521 522
522 523
523 524
524 525
525 526
526 527
527 528
528 529
529 530
530 531
531 532
532 533
533 534
534 535
535 536
536 537
537 538
538 539
539 540
540 541
541 542
542 543
543 544
544 545
545 546
546 547
547 548
548 549
549 550
550 551
551 552
552 553
553 554
554 555
555 556
556 557
557 558
558 559
559 560
560 561
561 562
562 563
563 564
564 565
565 566
566 567
567 568
568 569
569 570
570 571
571 572
572 573
573 574
574 575
575 576
576 577
577 578
578 579
579 580
580 581
581 582
582 583
583 584
584 585
585 586
586 587
587 588
588 589
589 590
590 591
591 592
592 593
593 594
594 595
595 596
596 597
597 598
598 599
599 600
600 601
601 602
602 603
603 604
604 605
605 606
606 607
607 608
608 609
609 610
610 611
611 612
612 613
613 614
614 615
615 616
616 617
617 618
618 619
619 620
620 621
621 622
622 623
623 624
624 625
625 626
626 627
627 628
628 629
629 630
630 631
631 632
632 633
633 634
634 635
635 636
636 637
637 638
638 639
639 640
640 641
641 642
642 643
643 644
644 645
645 646
646 647
647 648
648 649
649 650
650 651
651 652
652 653
653 654
654 655
655 656
656 657
657 658
658 659
659 660
660 661
661 662
662 663
663 664
664 665
665 666
666 667
667 668
668 669
669 670
670 671
671 672
672 673
673 674
674 675
675 676
676 677
677 678
678 679
679 680
680 681
681 682
682 683
683 684
684 685
685 686
686 687
687 688
688 689
689 690
690 691
691 692
692 693
693 694
694 695
695 696
696 697
697 698
698 699
699 700
700 701
701 702
702 703
703 704
704 705
705 706
706 707
707 708
708 709
709 710
710 711
711 712
712 713
713 714
714 715
715 716
716 717
717 718
718 719
719 720
720 721
721 722
722 723
723 724
724 725
725 726
726 727
727 728
728 729
729 730
730 731
731 732
732 733
733 734
734 735
735 736
736 737
737 738
738 739
739 740
740 741
741 742
742 743
743 744
744 745
745 746
746 747
747 748
748 749
749 750
750 751
751 752
752 753
753 754
754 755
755 756
756 757
757 758
758 759
759 760
760 761
761 762
762 763
763 764
764 765
765 766
766 767
767 768
768 769
769 770
770 771
771 772
772 773
773 774
774 775
775 776
776 777
777 778
778 779
779 780
780 781
781 782
782 783
783 784
784 785
785 786
786 787
787 788
788 789
789 790
790 791
791 792
792 793
793 794
794 795
795 796
796 797
797 798
798 799
799 800
800 801
801 802
802 803
803 804
804 805
805 806
806 807
807 808
808 809
809 810
810 811
811 812
812 813
813 814
814 815
815 816
816 817
817 818
818 819
819 820
820 821
821 822
822 823
823 824
824 825
825 826
826 827
827 828
828 829
829 830
830 831
831 832
832 833
833 834
834 835
835 836
836 837
837 838
838 839
839 840
840 841
841 842
842 843
843 844
844 845
845 846
846 847
847 848
848 849
849 850
850 851
851 852
852 853
853 854
854 855
855 856
856 857
857 858
858 859
859 860
860 861
861 862
862 863
863 864
864 865
865 866
866 867
867 868
868 869
869 870
870 871
871 872
872 873
873 874
874 875
875 876
876 877
877 878
878 879
879 880
880 881
881 882
882 883
883 884
884 885
885 886
886 887
887 888
888 889
889 890
890 891
891 892
892 893
893 894
894 895
895 896
896 897
897 898
898 899
899 900
900 901
901 902
902 903
903 904
904 905
905 906
906 907
907 908
908 909
909 910
910 911
911 912
912 913
913 914
914 915
915 916
916 917
917 918
918 919
919 920
920 921
921 922
922 923
923 924
924 925
925 926
926 927
927 928
928 929
929 930
930 931
931 932
932 933
933 934
934 935
935 936
936 937
937 938
938 939
939 940
940 941
941 942
942 943
943 944
944 945
945 946
946 947
947 948
948 949
949 950
950 951
951 952
952 953
953 954
954 955
955 956
956 957
957 958
958 959
959 960
960 961
961 962
962 963
963 964
964 965
965 966
966 967
967 968
968 969
969 970
970 971
971 972
972 973
973 974
974 975
975 976
976 977
977 978
978 979
979 980
980 981
981 982
982 983
983 984
984 985
985 986
986 987
987 988
988 989
989 990
990 991
991 992
992 993
993 994
994 995
995 996
996 997
997 998
998 999
999 1000
1000 1001
1001 1002
1002 1003
1003 1004
1004 1005
1005 1006
1006 1007
1007 1008
1008 1009
1009 1010
1010 1011
1011 1012
1012 1013
1013 1014
1014 1015
1015 1016
1016 1017
1017 1018
1018 1019
1019 1020
1020 1021
1021 1022
1022 1023
1023 1024
1024 1025
1025 1026
1026 1027
1027 1028
1028 1029
1029 1030
1030 1031
1031 1032
1032 1033
1033 1034
1034 1035
1035 1036
1036 1037
1037 1038
1038 1039
1039 1040
1040 1041
1041 1042
1042 1043
1043 1044
1044 1045
1045 1046
1046 1047
1047 1048
1048 1049
1049 1050
1050 1051
1051 1052
1052 1053
1053 1054
1054 1055
1055 1056
1056 1057
1057 1058
1058 1059
1059 1060
1060 1061
1061 1062
1062 1063
1063 1064
1064 1065
1065 1066
1066 1067
1067 1068
1068 1069
1069 1070
1070 1071
1071 1072
1072 1073
1073 1074
1074 1075
1075 1076
1076 1077
1077 1078
1078 1079
1079 1080
1080 1081
1081 1082
1082 1083
1083 1084
1084 1085
1085 1086
1086 1087
1087 1088
1088 1089
1089 1090
1090 1091
1091 1092
1092 1093
1093 1094
1094 1095
1095 1096
1096 1097
1097 1098
1098 1099
1099 1100
1100 1101
1101 1102
1102 1103
1103 1104
1104 1105
1105 1106
1106 1107
1107 1108
1108 1109
1109 1110
1110 1111
1111 1112
1112 1113
1113 1114
1114 1115
1115 1116
1116 1117
1117 1118
1118 1119
1119 1120
1120 1121
1121 1122
1122 1123
1123 1124
1124 1125
1125 1126
1126 1127
1127 1128
1128 1129
1129 1130
1130 1131
1131 1132
1132 1133
1133 1134
1134 1135
1135 1136
1136 1137
1137 1138
1138 1139
1139 1140
1140 1141
1141 1142
1142 1143
1143 1144
1144 1145
1145 1146
1146 1147
1147 1148
1148 1149
1149 1150
1150 1151
1151 1152
1152 1153
1153 1154
1154 1155
1155 1156
1156 1157
1157 1158
1158 1159
1159 1160
1160 1161
1161 1162
1162 1163
1163 1164
1164 1165
1165 1166
1166 1167
1167 1168
1168 1169
1169 1170
1170 1171
1171 1172
1172 1173
1173 1174
1174 1175
1175 1176
1176 1177
1177 1178
1178 1179
1179 1180
1180 1181
1181 1182
1182 1183
1183 1184
1184 1185
1185 1186
1186 1187
1187 1188
1188 1189
1189 1190
1190 1191
1191 1192
1192 1193
1193 1194
1194 1195
1195 1196
1196 1197
1197 1198
1198 1199
1199 1200
1200 1201
1201 1202
1202 1203
1203 1204
1204 1205
1205 1206
1206 1207
1207 1208
1208 1209
1209 1210
1210 1211
1211 1212
1212 1213
1213 1214
1214 1215
1215 1216
1216 1217
1217 1218
1218 1219
1219 1220
1220 1221
1221 1222
1222 1223
1223 1224
1224 1225
1225 1226
1226 1227
1227 1228
1228 1229
1229 1230
1230 1231
1231 1232
1232 1233
1233 1234
1234 1235
1235 1236
1236 1237
1237 1238
1238 1239
1239 1240
1240 1241
1241 1242
1242 1243
1243 1244
1244 1245
1245 1246
1246 1247
1247 1248
1248 1249
1249 1250
1250 1251
1251 1252
1252 1253
1253 1254
1254 1255
1255 1256
1256 1257
1257 1258
1258 1259
1259 1260
1260 1261
1261 1262
1262 1263
1263 1264
1264 1265
1265 1266
1266 1267
1267 1268
1268 1269
1269 1270
1270 1271
1271 1272
1272 1273
1273 1274
1274 1275
1275 1276
1276 1277
1277 1278
1278 1279
1279 1280
1280 1281
1281 1282
1282 1283
1283 1284
1284 1285
1285 1286
1286 1287
1287 1288
1288 1289
1289 1290
1290 1291
1291 1292
1292 1293
1293 1294
1294 1295
1295 1296
1296 1297
1297 1298
1298 1299
1299 1300
1300 1301
1301 1302
1302 1303
1303 1304
1304 1305
1305 1306
1306 1307
1307 1308
1308 1309
1309 1310
1310 1311
1311 1312
1312 1313
1313 1314
1314 1315
1315 1316
1316 1317
1317 1318
1318 1319
1319 1320
1320 1321
1321 1322
1322 1323
1323 1324
1324 1325
1325 1326
1326 1327
1327 1328
1328 1329
1329 1330
1330 1331
1331 1332
1332 1333
1333 1334
1334 1335
1335 1336
1336 1337
1337 1338
1338 1339
1339 1340
1340 1341
1341 1342
1342 1343
1343 1344
1344 1345
1345 1346
1346 1347
1347 1348
1348 1349
1349 1350
1350 1351
1351 1352
1352 1353
1353 1354
1354 1355
1355 1356
1356 1357
1357 1358
1358 1359
1359 1360
1360 1361
1361 1362
1362 1363
1363 1364
1364 1365
1365 1366
1366 1367
1367 1368
1368 1369
1369 1370
1370 1371
1371 1372
1372 1373
1373 1374
1374 1375
1375 1376
1376 1377
1377 1378
1378 1379
1379 1380
1380 1381
1381 1382
1382 1383
1383 1384
1384 1385
1385 1386
1386 1387
1387 1388
1388 1389
1389 1390
1390 1391
1391 1392
1392 1393
1393 1394
1394 1395
1395 1396
1396 1397
1397 1398
1398 1399
1399 1400
1400 1401
1401 1402
1402 1403
1403 1404
1404 1405
1405 1406
1406 1407
1407 1408
1408 1409
1409 1410
1410 1411
1411 1412
1412 1413
1413 1414
1414 1415
1415 1416
1416 1417
1417 1418
1418 1419
1419 1420
1420 1421
1421 1422
1422 1423
1423 1424
1424 1425
1425 1426
1426 1427
1427 1428
1428 1429
1429 1430
1430 1431
1431 1432
1432 1433
1433 1434
1434 1435
1435 1436
1436 1437
1437 1438
1438 1439
1439 1440
1440 1441
1441 1442
1442 1443
1443 1444
1444 1445
1445 1446
1446 1447
1447 1448
1448 1449
1449 1450
1450 1451
1451 1452
1452 1453
1453 1454
1454 1455
1455 1456
1456 1457
1457 1458
1458 1459
1459 1460
1460 1461
1461 1462
1462 1463
1463 1464
1464 1465
1465 1466
1466 1467
1467 1468
1468 1469
1469 1470
1470 1471
1471 1472
1472 1473
1473 1474
1474 1475
1475 1476
1476 1477
1477 1478
1478 1479
1479 1480
1480 1481
1481 1482
1482 1483
1483 1484
1484 1485
1485 1486
1486 1487
1487 1488
1488 1489
1489 1490
1490 1491
1491 1492
1492 1493
1493 1494
1494 1495
1495 1496
1496 1497
1497 1498
1498 1499
1499 1500
1500 1501
1501 1502
1502 1503
1503 1504
1504 1505
1505 1506
1506 1507
1507 1508
1508 1509
1509 1510
1510 1511
1511 1512
1512 1513
1513 1514
1514 1515
1515 1516
1516 1517
1517 1518
1518 1519
1519 1520
1520 1521
1521 1522
1522 1523
1523 1524
1524 1525
1525 1526
1526 1527
1527 1528
1528 1529
1529 1530
1530 1531
1531 1532
1532 1533
1533 1534
1534 1535
1535 1536
1536 1537
1537 1538
1538 1539
1539 1540
1540 1541
1541 1542
1542 1543
1543 1544
1544 1545
1545 1546
1546 1547
1547 1548
1548 1549
1549 1550
1550 1551
1551 1552
1552 1553
1553 1554
1554 1555
1555 1556
1556 1557
1557 1558
1558 1559
1559 1560
1560 1561
1561 1562
1562 1563
1563 1564
1564 1565
1565 1566
1566 1567
1567 1568
1568 1569
1569 1570
1570 1571
1571 1572
1572 1573
1573 1574
1574 1575
1575 1576
1576 1577
1577 1578
1578 1579
1579 1580
1580 1581
1581 1582
1582 1583
1583 1584
1584 1585
1585 1586
1586 1587
1587 1588
1588 1589
1589 1590
1590 1591
1591 1592
1592 1593
1593 1594
1594 1595
1595 1596
1596 1597
1597 1598
1598 1599
1599 1600
1600 1601
1601 1602
1602 1603
1603 1604
1604 1605
1605 1606
1606 1607
1607 1608
1608 1609
1609 1610
1610 1611
1611 1612
1612 1613
1613 1614
1614 1615
1615 1616
1616 1617
1617 1618
1618 1619
1619 1620
1620 1621
1621 1622
1622 1623
1623 1624
1624 1625
1625 1626
1626 1627
1627 1628
1628 1629
1629 1630
1630 1631
1631 1632
1632 1633
1633 1634
1634 1635
1635 1636
1636 1637
1637 1638
1638 1639
1639 1640
1640 1641
1641 1642
1642 1643
1643 1644
1644 1645
1645 1646
1646 1647
1647 1648
1648 1649
1649 1650
1650 1651
1651 1652
1652 1653
1653 1654
1654 1655
1655 1656
1656 1657
1657 1658
1658 1659
1659 1660
1660 1661
1661 1662
1662 1663
1663 1664
1664 1665
1665 1666
1666 1667
1667 1668
1668 1669
1669 1670
1670 1671
1671 1672
1672 1673
1673 1674
1674 1675
1675 1676
