1677
250.124583,112.061413,223.419803
211.316060,109.574014,268.114633
214.164795,100.466724,270.081336
252.973318,102.954122,225.386506
164.229477,106.556035,322.343102
167.788965,108.358569,325.534123
170.453480,99.157979,327.335676
167.078212,97.448736,324.309805
253.727183,113.885775,226.649473
214.918661,111.398354,271.344303
203.337378,101.270329,289.485938
217.550729,102.181332,273.116767
246.088738,124.963620,220.633533
207.280171,122.476201,265.328324
210.128995,113.368932,267.295105
248.937518,115.856340,222.600276
160.193587,119.458237,319.556793
164.026327,121.399095,322.992777
166.678716,112.192368,324.783459
163.042413,110.350946,321.523575
249.998333,126.943447,224.138419
211.189812,124.456017,268.833249
199.608574,114.328002,286.974924
213.821925,115.239005,270.605753
-21.879747,139.325425,206.375768
-18.005771,124.121733,215.662353
-6.638539,140.504119,223.730893
-16.333720,83.285717,232.693866
-3.848564,83.509075,243.413303
137.576629,93.979025,366.795490
104.112994,91.501655,337.601141
90.776435,61.968727,324.377392
139.504556,66.338053,366.931190
90.711466,46.801108,220.451019
117.375803,48.775104,243.713524
141.690024,65.232029,265.741450
66.142940,59.639147,199.832652
-311.482075,17.673355,-27.368876
-336.513058,30.335753,-48.398570
-376.443234,27.379661,-83.234460
-375.435995,12.938739,-83.163564
-355.065899,56.745966,-63.038179
-382.875838,54.687143,-87.300130
8.120951,-32.207769,236.028919
127.053787,16.210769,353.680736
-10.852314,4.116582,233.128996
-2.513778,-33.420709,226.756404
-277.146690,-175.486546,-61.354545
-188.228271,-168.613801,16.370153
-184.523527,-166.883479,11.979157
-273.441900,-173.756260,-65.745503
-137.152591,42.716976,-358.819671
-143.585195,70.024458,-362.885341
201.363723,70.302911,295.689492
316.936037,77.710510,162.587670
315.008110,105.351474,162.451971
257.221950,101.647682,229.002885
199.435801,97.943875,295.553787
245.029927,144.892759,220.823296
192.058903,140.765298,281.890876
196.976460,123.545014,285.202420
44.275071,143.767423,165.094928
27.020688,142.425247,150.061249
-136.145352,28.276054,-358.748775
9.924653,-37.158603,224.917937
-64.843637,-161.876763,112.463297
-67.985198,-157.416538,109.965908
6.783092,-32.698397,222.420547
-352.247490,102.062863,-73.744360
-374.242290,94.967639,-91.492558
-372.908502,-23.172485,-82.996339
-133.635331,-7.836290,-358.561429
-136.632119,-42.928176,-352.148569
-365.064934,-57.569560,-89.068053
133.018788,136.197233,349.952459
112.125693,136.116872,331.286179
-285.599468,33.599055,-107.034512
-304.152309,60.009253,-121.674121
-260.505805,20.038003,-86.000406
-284.817798,19.647346,-4.106424
-233.841528,22.011995,-62.737954
47.065026,86.772370,184.777361
-261.801292,35.866795,16.781480
-210.887703,39.130097,-41.854463
-230.191422,123.199454,24.846549
-181.289615,126.333812,-31.472472
-196.190705,68.001836,-27.486242
-247.104295,64.738550,31.149700
163.039293,139.380175,272.650224
102.909725,147.525594,97.566849
85.666696,146.184146,82.520070
-302.196111,105.270902,-131.387315
-122.526136,130.100252,-99.148896
-261.577547,103.575268,-221.363449
110.864096,-150.614790,-89.895019
107.704940,-146.155692,-92.372149
19.886540,-152.168602,8.798749
-73.614407,-167.458993,113.526779
-282.186810,-183.620198,-68.810609
-97.924514,-171.809921,-281.021011
4.463693,-163.906508,-191.828383
-179.947743,-175.726344,20.553781
2.100896,-33.108603,218.070299
109.876635,-26.200725,93.947718
114.721190,-26.255112,98.151219
-148.720265,109.422456,-351.220787
225.752439,-23.325137,-23.645673
226.952445,-18.223967,-15.990409
17.380410,-31.656470,225.368604
-225.163686,-12.275327,46.048384
-230.676666,66.764513,45.660418
-350.284752,-64.249345,-79.231497
-219.737466,108.622359,39.806790
-222.379984,-55.110592,32.285890
-181.906598,-172.838316,20.041202
-217.159722,-47.546822,39.867019
-346.580023,-62.519044,-83.622508
-218.675226,-53.380309,27.894903
-73.506391,-158.052110,107.220434
-180.648587,-166.554054,15.390783
-278.855484,-173.937009,-71.486513
-353.699511,-60.121648,-89.784203
-212.538245,-52.987402,33.229392
-80.564881,-164.930289,108.665337
203.772518,138.336595,-39.754306
223.089212,98.631511,-43.043698
216.101005,53.414960,269.685207
294.253009,58.424106,179.679445
313.622170,62.187782,158.846343
198.049855,54.780184,291.948165
200.705309,110.487366,287.713473
145.054329,51.383454,352.981822
66.452401,45.652480,302.348775
39.788064,43.678484,279.086271
136.190688,50.815339,363.189862
216.768015,53.599557,263.980116
288.698726,58.209950,181.139267
292.927726,48.533439,175.467855
287.650554,50.387436,177.808315
213.757470,45.651265,262.909182
212.294530,43.365261,268.331144
309.087805,27.759393,144.046671
184.673159,19.785046,287.331991
15.229351,56.375845,258.468594
110.978550,-155.627521,-99.064429
155.026584,94.764950,278.965199
108.899518,11.792067,95.213725
8.746265,82.110308,-230.077147
14.259166,3.070462,-229.689088
-135.587914,-46.141802,-340.978022
-128.356477,-48.532022,-334.945256
2.209515,122.848033,-215.804148
11.224825,-32.908532,-223.157906
67.101378,-28.686908,168.124615
177.261645,-21.626194,41.255716
136.091891,16.770724,343.273413
-94.197588,-162.267610,-272.176815
-100.629520,-162.513629,-276.745018
-94.834999,-161.134839,-91.312968
-138.844341,-49.453461,-343.994658
-356.960657,-63.433609,-92.795404
256.359251,104.668761,228.421937
252.630446,117.726434,225.910923
222.593266,-18.866060,-26.122779
-103.885929,-165.825287,-279.761675
-282.116648,-177.248971,-74.497693
-0.502017,-39.396514,-223.369873
5.619033,-39.004628,-218.017037
291.781838,105.441583,180.691676
288.933103,114.548872,178.724973
336.019681,117.566915,124.496503
338.868417,108.459615,126.463206
342.243685,110.168859,129.489077
339.579169,119.369449,127.687524
292.535704,116.373212,181.954643
295.167772,107.156191,183.727107
309.381119,108.067194,167.357942
287.746038,118.343791,177.905446
284.897214,127.451060,175.938664
331.983791,130.469116,121.710194
334.832617,121.361825,123.676976
338.468921,123.203248,126.936860
335.816531,132.409975,125.146178
288.806855,129.430876,179.443589
291.438968,120.213864,181.216093
305.652314,121.124867,164.846928
193.208353,153.111480,-41.335964
212.457962,154.547092,-28.597216
228.651351,19.467551,-42.701547
254.519994,71.713160,-17.116617
235.442079,98.846390,-32.171908
376.867271,109.316340,91.210279
378.795199,81.675368,91.345979
330.067078,77.306042,48.792181
343.403637,106.838970,62.015930
228.174940,55.611818,62.137681
203.606415,68.449858,41.519313
279.153499,74.042740,107.428111
254.839277,57.585814,85.400185
-72.191432,33.010670,-302.954086
-97.222415,45.673068,-323.983781
-115.775257,72.083281,-338.623390
236.206057,-17.588672,-26.651148
225.600104,-18.799767,-35.956803
366.690669,31.570276,77.696770
-90.287887,-163.509846,-276.555282
-5.146438,-155.386318,-194.605072
-1.236691,-156.628590,-198.983500
303.020201,130.341879,163.074424
298.102644,147.562164,159.762881
144.312705,149.943069,14.978887
161.544348,151.283788,30.038755
-128.449927,116.407150,-331.486567
335.844253,150.456096,73.634956
357.251628,150.569420,91.708954
-166.688834,68.819964,-279.987460
-148.135994,42.409766,-265.347851
-123.042331,28.848714,-244.313745
-96.378054,30.822706,-221.051293
-45.527155,34.984662,-279.691635
184.528501,95.583081,26.464022
-73.424228,47.940808,-200.167801
-22.510649,51.204110,-258.803731
-14.860895,137.001047,-223.144379
-7.813652,80.075865,-244.435511
-58.727230,76.812547,-185.799581
-63.762702,133.866690,-166.825359
284.930648,147.192792,132.270916
-178.501312,113.199111,-273.843605
217.652250,-19.292856,-30.174952
-124.446725,-49.774274,-339.323658
3.407717,-40.638747,-227.748310
3.520437,-160.953384,-193.510604
104.243456,-146.659248,-97.489731
-1.243160,-155.055077,-191.226082
105.048977,-153.033384,-105.101626
306.749049,117.284231,165.585478
366.617689,65.584540,97.812692
305.743044,60.989795,26.763564
279.078707,59.015799,3.501060
375.481330,66.152655,87.604651
292.490058,103.575661,120.651860
357.655259,30.971811,88.104272
111.873243,23.005277,343.338453
129.522010,24.311850,358.735594
135.671722,47.973465,365.392244
110.198191,46.087624,343.168622
139.795938,24.970396,346.911371
127.972939,21.503504,349.557401
134.517395,21.910056,341.904219
112.656582,19.930840,336.170684
146.049778,48.637847,353.277417
135.344028,50.874853,357.592340
110.563912,49.040334,335.973667
192.805370,51.631180,298.724838
183.332803,27.761056,296.805410
180.256056,24.605359,288.884326
192.134722,54.511418,291.489097
142.176892,51.312805,349.723098
353.942398,38.520681,64.553297
352.267346,61.603028,64.383466
377.740877,63.488868,86.607088
371.591165,39.827253,79.950438
361.325162,39.169294,91.781554
355.796095,36.092897,87.062923
362.454570,36.532586,79.510612
347.138214,34.959922,66.123895
367.202087,62.812587,98.581684
345.045543,64.069416,65.926877
369.825660,65.903935,87.545551
319.749590,59.767660,152.526269
312.344507,62.216255,153.046413
309.730638,32.904022,139.771600
317.822270,36.381148,141.917163
362.992796,65.465983,95.414793
-364.647292,15.136589,-70.922390
-360.119170,15.626796,-72.552058
-360.759484,24.807081,-72.597128
-365.300266,24.498362,-70.968350
-378.240013,23.540408,-82.257246
-377.587039,14.178635,-82.211286
-376.435563,-2.330252,-82.130238
-363.495816,-1.372298,-70.841342
-357.119572,-1.105211,-107.027155
-358.271049,15.403676,-107.108203
-353.715370,15.728719,-105.623456
-352.563894,-0.780168,-105.542408
-374.944844,-23.702890,-82.025312
-375.118046,-23.774022,-84.473011
-355.625591,-22.524639,-106.921999
-362.035298,-22.311941,-70.738542
-357.494505,-22.003238,-72.367331
-351.069911,-22.199612,-105.437252
-358.924023,24.765449,-107.154163
-354.368344,25.090492,-105.669416
-358.961513,-0.970544,-72.470588
-376.612028,-2.354578,-84.578167
-377.763505,14.154309,-84.659215
-378.416479,23.516082,-84.705175
-122.637651,30.648178,-349.639006
-123.290604,40.009953,-349.684989
-124.273531,39.964629,-344.952246
-123.633216,30.784345,-344.907176
-135.577378,29.690225,-360.927924
-136.230351,39.051998,-360.973885
-121.486174,14.139291,-349.557958
-134.425901,13.181338,-360.846876
-156.361472,11.762364,-338.235374
-154.265903,11.929726,-333.917378
-155.417380,28.438613,-333.998426
-157.512949,28.271251,-338.316422
-132.935183,-8.191300,-360.741951
-120.025656,-6.800352,-349.455158
-154.867490,-9.657064,-338.130219
-135.375072,-8.407715,-360.579161
-121.008563,-6.845690,-344.722437
-152.771920,-9.489718,-333.812222
-158.165922,37.633024,-338.362382
-156.070354,37.800386,-334.044386
-122.475570,14.187004,-344.825694
-138.020532,29.520616,-360.765364
-136.869055,13.011729,-360.684316
-138.673505,38.882389,-360.811325
251.456430,144.733069,33.927049
64.226761,132.732598,249.554904
79.348189,134.041688,262.720986
266.541576,146.039834,47.134917
265.959181,124.556030,49.164207
250.874065,123.249269,35.956366
78.765785,112.557884,264.750287
63.644385,111.248798,251.584233
-96.151219,118.999081,-269.332868
-283.380889,106.998610,-53.705013
-268.259476,108.307699,-40.538944
-81.066088,120.305845,-256.125013
-81.648483,98.822041,-254.095723
-96.733599,97.515283,-267.303564
-268.841880,86.823895,-38.509643
-283.963279,85.514811,-51.675697
294.764414,197.851699,27.006266
290.735690,174.551336,22.211354
284.328294,175.864732,16.720947
284.572469,199.940915,18.272851
251.536323,197.823466,56.319745
261.728294,195.734252,65.053161
277.902784,175.396682,11.115628
274.351677,199.196361,9.356740
241.315577,197.078915,47.403613
291.439974,174.596477,21.400247
285.032587,175.909873,15.909830
278.607077,175.441823,10.304511
290.661910,170.096593,20.474220
284.985411,171.260174,15.610094
279.292890,170.845520,10.644201
287.174032,170.100461,22.196688
282.636870,171.030510,18.308831
278.086842,170.699068,14.339595
291.559585,158.260603,23.880031
274.913879,159.357144,9.487633
281.840569,146.136710,12.728396
278.088014,143.542390,9.325669
271.792102,157.198892,6.656879
286.385732,145.837269,16.658296
263.007551,160.928606,21.319470
271.556787,167.776448,19.352652
259.964975,158.825124,18.560535
266.346531,166.214617,14.741666
262.409377,163.492750,11.171553
271.485411,168.720228,8.497443
266.497023,165.271612,3.974098
258.515122,158.760183,7.526786
261.562996,159.275434,-0.643828
263.276251,138.707210,-1.766564
258.828083,154.570562,-3.280396
264.545969,160.650346,-2.727949
261.124334,154.764047,-6.026549
268.844765,165.422091,1.270261
261.961345,163.933954,-4.789434
258.099202,157.289759,-8.512706
266.813746,169.320086,-0.276336
261.257052,163.888812,-3.978316
257.394909,157.244617,-7.701589
266.109453,169.274944,0.534781
247.873996,180.891267,-14.652576
241.730636,170.322609,-20.575039
255.592544,189.458770,-7.473748
208.694524,168.205161,17.471823
214.837885,178.773820,23.394288
222.556433,187.341323,30.573116
250.878762,132.985780,52.140332
231.512792,193.533230,38.694525
264.548893,195.650677,0.647652
271.740085,173.167620,5.640501
272.444378,173.212762,4.829384
273.833153,168.870706,5.793606
271.446118,190.902618,73.222250
304.482238,193.020066,35.175354
280.265021,183.539772,80.469935
313.301141,185.657220,42.423039
296.844950,171.513842,27.346998
302.389167,166.885030,31.903431
297.549244,171.558983,26.535879
303.093461,166.930171,31.092313
296.074311,167.405569,25.024042
300.986057,163.304791,29.060688
293.726559,167.255090,27.727892
298.638305,163.154312,31.764538
288.102339,164.781453,33.552472
282.930659,167.027200,29.186887
291.978997,161.544853,36.738446
281.684855,159.698234,37.468499
284.680796,157.196965,39.930669
294.633500,155.694216,26.406282
295.772210,156.305861,39.740524
303.444334,156.516485,35.568194
305.182536,157.973405,32.407780
306.080167,151.457809,37.575354
308.480240,151.644471,34.918948
307.830261,160.912349,34.870363
311.552556,153.768491,37.704850
307.125967,160.867207,35.681481
310.848261,153.723349,38.515968
320.835757,176.084888,48.432612
326.756654,164.721499,52.941313
287.799638,173.967441,86.479507
293.720534,162.604052,90.988208
297.769133,149.946182,93.799151
299.768422,136.547080,94.789424
330.805283,152.063632,55.752281
332.804541,138.664527,56.742529
313.393471,145.765725,40.283104
314.650386,137.342107,40.905677
314.097766,145.810867,39.471985
315.354680,137.387248,40.094559
310.735125,144.594564,36.484512
311.848635,137.131850,37.036046
307.882477,145.822888,38.826696
309.500883,136.981371,39.739895
302.763169,136.105975,32.375117
302.604538,135.943056,44.539771
301.327191,142.921350,43.819018
293.802732,135.217926,46.628034
302.544089,129.984567,44.155671
293.756017,130.613231,46.331203
302.715256,131.381405,32.070575
301.127014,123.183775,42.546737
307.628871,120.815308,37.214727
302.979867,110.720331,32.616175
294.199396,112.889631,23.647119
305.714735,115.425196,35.252704
289.917676,126.675429,18.658617
292.242918,131.724548,20.958627
292.300563,137.403823,21.324752
290.080733,142.752380,19.694941
286.165025,124.081113,15.255847
281.619942,124.380494,11.326013
291.077508,110.731449,20.816273
274.431951,111.828017,6.424007
281.158090,107.761067,34.120617
282.266440,101.532274,24.965116
286.455959,99.296726,17.632700
284.200774,109.864517,36.879644
281.906006,98.965287,13.663530
277.368844,99.895333,9.775673
287.476712,103.094076,29.576115
293.057407,101.275534,23.474866
289.945409,99.451234,15.920433
295.405159,101.426013,20.771016
284.252935,99.036549,10.954579
291.413820,105.815965,33.146189
298.045747,104.724177,27.998171
295.308167,110.548511,36.791034
300.393499,104.874656,25.294322
304.692403,109.646379,29.292623
302.424566,100.976633,26.840958
307.277012,106.362774,31.354095
296.793946,97.083990,21.735251
301.720272,100.931491,27.652077
306.572718,106.317632,32.165214
296.089662,97.038849,22.546358
312.237119,80.747697,35.660594
319.955715,89.315169,42.839462
303.280780,74.555783,27.539202
286.919615,87.197723,80.886334
279.201019,78.630250,73.707467
270.244665,72.438335,65.586062
260.441881,68.892647,56.876974
250.221222,68.148141,47.960920
293.477996,71.010095,18.830114
283.257322,70.265587,9.914047
289.926931,94.809757,17.071241
283.501482,94.341705,11.465974
290.631224,94.854899,16.260123
284.205775,94.386847,10.654857
277.798396,95.700280,5.164427
278.576445,100.200163,6.090441
277.094103,95.655138,5.975544
273.164058,102.891190,1.540632
270.816317,102.740712,4.244469
271.689126,98.737766,0.028795
265.720948,104.527282,10.765348
270.892628,102.281526,15.130933
262.480905,108.991462,17.971693
261.844290,107.763872,7.579374
259.484953,111.492678,15.509510
271.357997,114.394321,3.897716
258.051073,113.002861,4.577270
261.098542,113.479310,-3.595833
258.462690,118.537987,-5.603009
256.660396,124.172905,-6.854338
263.228322,133.982649,-2.071119
277.924971,127.465440,8.289358
275.705142,132.814001,6.659547
275.762775,138.493212,7.025659
256.913997,149.180453,-5.242375
250.363027,133.471780,8.812158
250.409727,138.076480,9.108975
252.696279,146.124932,1.771066
251.279241,139.324134,0.162163
251.218774,133.365664,-0.221951
255.118585,140.563818,-7.280879
255.041997,133.014435,-7.767531
257.466327,140.714296,-9.984716
257.389739,133.164913,-10.471368
258.729570,148.020465,-8.481227
253.970094,141.430963,-12.980609
253.883693,132.909515,-13.529882
255.396068,149.677861,-11.283467
253.265801,141.385822,-12.169492
253.179399,132.864373,-12.718764
254.691775,149.632719,-10.472350
235.162741,145.096726,-27.681855
235.025243,131.541983,-28.555615
237.430910,158.214688,-24.982342
201.989131,129.424535,9.491248
202.126640,142.979280,10.365018
204.394799,156.097241,13.064522
203.988399,116.025420,10.481503
208.037014,103.367555,13.292460
241.073125,105.485002,-24.754404
237.024511,118.142867,-27.565359
254.436313,124.440747,-12.096192
256.981512,116.483118,-10.329066
255.140606,124.485888,-12.907309
257.685805,116.528260,-11.140183
258.503240,125.702156,-9.919844
260.758132,118.652288,-8.354272
252.496121,126.387370,0.498802
264.055834,112.323346,-5.843106
261.408119,109.384437,-8.305678
265.904556,106.841485,0.207810
268.252298,106.991963,-2.496027
266.144894,103.366583,-4.527651
260.703826,109.339295,-7.494561
265.440601,103.321441,-3.716534
246.994014,94.121617,-20.245710
254.528638,84.549278,-14.236130
221.492538,82.431831,23.810742
213.957902,92.004169,17.801153
230.311432,75.068985,31.058419
240.029251,70.237355,39.227504
273.065351,72.354801,1.180631
263.347533,77.186432,-6.988453
270.984833,98.692624,0.839912
293.063032,97.766386,86.808848
297.362742,109.874304,91.216136
330.398877,111.991752,53.169253
326.099132,99.883832,48.761975
310.434809,112.961850,35.888443
313.138012,120.573721,38.659262
311.139103,113.006991,35.077324
313.842306,120.618863,37.848143
308.113994,115.532669,32.591184
310.508811,122.276260,35.045910
309.424274,129.431940,39.253223
311.772026,129.582419,36.549373
315.268280,128.865756,39.545285
314.563985,128.820614,40.356404
332.667047,125.109742,55.868769
299.630912,122.992293,93.915651
95.647370,123.463957,329.870672
95.509870,109.909171,328.996889
128.546004,112.026619,290.950007
128.683499,125.581405,291.823766
-0.132643,102.942297,245.562741
-2.131911,116.341413,244.572485
30.904208,118.458861,206.525590
32.903476,105.059745,207.515845
93.241700,96.791175,326.297373
126.277835,98.908624,288.250491
-1.994412,129.896157,245.446246
31.041718,132.013605,207.399360
88.942000,84.683264,321.890073
121.978109,86.800711,283.843190
0.273744,143.014121,248.145749
33.309876,145.131570,210.098864
82.798583,74.114602,315.967560
115.834692,76.232048,277.920677
4.573482,155.122039,252.553061
37.609591,157.239486,214.506178
75.079988,65.547129,308.788693
108.116097,67.664576,270.741809
10.716843,165.690697,258.475525
43.752952,167.808144,220.428642
66.123633,59.355214,300.667288
99.159758,61.472662,262.620417
18.435391,174.258201,265.654353
51.471500,176.375648,227.607470
56.320849,55.809526,291.958199
89.356973,57.926974,253.911329
47.415281,184.740344,291.400983
57.607252,182.651129,300.134399
90.643363,184.768576,262.087514
80.451416,186.857792,253.354101
27.391735,180.450107,273.775749
60.427860,182.567555,235.728879
46.100180,55.065019,283.042158
79.136300,57.182466,244.995262
67.325076,177.819496,308.303487
100.361186,179.936943,270.256603
37.194509,183.995790,282.484850
70.230644,186.113239,244.437967
35.908219,57.154233,274.308729
68.944329,59.271680,236.261846
76.143979,170.456650,315.551172
109.180089,172.574097,277.504287
26.190390,61.985863,266.139636
59.226510,64.103311,228.092762
83.678595,160.884318,321.560745
116.714706,163.001765,283.513860
17.371494,69.348709,258.891958
50.407616,71.466156,220.845085
89.599492,149.520933,326.069446
122.635602,151.638380,288.022561
9.836870,78.921048,252.882378
42.872979,81.038495,214.835495
93.648091,136.863060,328.880388
126.684241,138.980510,290.833519
3.915982,90.284434,248.373685
36.952092,92.401881,210.326802
79.793865,122.020107,249.174676
77.493223,122.141537,314.033810
77.406823,113.620044,313.484537
17.279158,109.240177,261.031908
16.022247,117.663804,260.409337
75.980849,105.373151,311.787395
16.108647,126.185256,260.958608
73.277647,97.761280,309.016576
17.534620,134.432150,262.655750
69.415556,91.117055,305.293347
20.237766,142.044053,265.426522
64.563110,85.730921,300.780210
24.099909,148.688248,269.149794
58.932475,81.838277,295.674490
28.952310,154.074376,273.662892
52.769778,79.609188,290.199363
47.171126,160.664161,289.849056
53.578517,159.350765,295.339499
34.582917,157.967050,278.768611
46.344314,79.141135,284.594084
59.687773,156.313271,300.475118
40.745631,160.196112,284.243750
39.936935,80.454568,279.103654
65.232005,151.684460,305.031564
33.827676,83.492054,273.968010
69.968774,145.666635,308.809588
28.283458,88.120872,269.411576
73.691099,138.522783,311.644101
23.546673,94.138726,265.633541
76.236294,130.565154,313.411224
19.824359,101.282549,262.799035
16.574865,109.195035,261.843025
15.317953,117.618662,261.220454
76.702530,113.574903,314.295654
75.276556,105.328009,312.598512
15.404354,126.140115,261.769725
72.573354,97.716138,309.827693
16.830327,134.387008,263.466867
68.711263,91.071913,306.104464
19.533473,141.998911,266.237639
63.858817,85.685779,301.591327
23.395616,148.643106,269.960911
58.228182,81.793136,296.485607
28.248017,154.029234,274.474009
52.065485,79.564046,291.010480
46.466833,160.619020,290.660173
52.874224,159.305624,296.150616
33.878635,157.921909,279.579716
45.640021,79.095993,285.405201
58.983480,156.268129,301.286235
40.041323,160.150970,285.054854
39.232652,80.409427,279.914759
64.527711,151.639318,305.842682
33.123383,83.446913,274.779127
69.264481,145.621494,309.620705
27.579165,88.075731,270.222693
72.986806,138.477642,312.455219
22.842380,94.093584,266.444658
75.532001,130.520013,314.222341
19.120066,101.237407,263.610153
76.788930,122.096395,314.844928
52.096161,154.805740,295.224589
57.508562,152.114718,299.774411
35.267424,153.579854,280.543951
40.727151,155.554668,285.394558
45.687196,83.745697,285.704936
40.010716,84.909311,280.840786
62.420308,148.013937,303.811057
46.419672,155.969322,290.360451
34.598315,87.600329,276.290964
66.616787,142.682553,307.158149
29.686569,91.701112,272.254318
69.914490,136.353618,309.669317
25.490090,97.032494,268.907226
72.169375,129.303711,311.234881
22.192391,103.361427,266.396062
73.282871,121.840996,311.786402
19.937501,110.411304,264.830492
73.206277,114.291566,311.299742
18.824000,117.874060,264.278968
71.943062,106.985407,309.796279
18.900598,125.423444,264.765629
69.548244,100.241816,307.341553
20.163819,132.729612,266.269098
66.126638,94.355525,304.042979
22.558590,139.473198,268.723783
61.827750,89.583803,300.044691
25.980226,145.359493,272.022383
56.839410,86.135159,295.521385
30.279022,150.131238,276.020592
51.379670,84.160381,290.670790
75.554019,114.442045,308.595905
73.758615,105.825412,306.557410
21.171741,118.024539,261.575131
21.248340,125.573923,262.061792
71.844491,100.435300,304.595375
23.043752,134.190562,264.100295
69.109623,95.730436,301.958846
24.957823,139.580669,266.062262
64.175502,89.734282,297.340841
27.692751,144.285538,268.698843
59.187162,86.285638,292.817536
32.626764,150.281716,273.316755
52.585714,84.306831,286.975371
48.766625,156.040615,287.651501
53.303772,155.110565,291.539345
37.615166,153.730332,277.840113
48.035746,83.975391,283.006188
59.856314,152.265197,297.070562
44.216597,155.709173,283.682265
43.498584,84.905436,279.118330
64.768060,148.164416,301.107208
36.946057,87.750808,273.587127
69.574079,141.526590,304.910876
32.034311,91.851590,269.550481
72.209912,136.467913,306.918037
27.228282,98.489414,265.746824
74.012222,130.832996,308.169379
24.592445,103.548092,263.739661
75.630613,121.991474,309.082565
22.790140,109.183009,262.488323
67.396372,116.298660,303.081607
56.240686,143.177856,294.891050
68.191727,146.014409,283.343340
59.779987,152.724375,286.184087
78.176479,128.618522,300.816202
79.453826,121.640229,301.536955
67.444285,121.023230,303.386150
80.309604,121.534101,292.502875
38.693603,93.461046,264.576560
34.900375,98.700034,261.574469
36.039134,99.311576,274.908725
27.909444,118.899904,268.939876
27.957373,123.624465,269.244432
36.916598,124.392654,254.983817
36.869884,119.787953,254.686986
59.314616,140.611474,297.417315
42.570276,90.224449,267.762547
68.828310,147.242027,293.735633
72.621537,142.003038,296.737724
80.262874,116.929405,292.206031
47.741940,87.978700,272.128119
39.595016,144.274400,280.498641
45.991825,97.808845,261.384351
55.758609,95.648702,291.827293
39.113089,96.745265,277.435015
64.951651,150.478626,290.549659
43.195844,151.911795,271.738852
48.406114,153.473623,276.349851
58.880512,97.806885,294.658152
67.664961,94.077242,279.995458
70.707646,96.180686,282.754485
36.473239,142.116152,277.667887
46.471847,145.141298,264.435376
35.364434,144.457357,264.523973
39.258689,149.189928,268.168739
64.326040,88.791251,286.573315
59.115768,87.229449,281.962315
71.187667,143.513139,285.805510
49.052662,130.625429,289.989017
52.747644,127.540534,293.025685
38.372057,117.602155,279.990255
38.429706,123.281368,280.356381
54.967459,122.191976,294.655483
48.831955,108.869269,288.586568
44.286872,109.168650,284.656734
44.507484,130.924864,286.059104
54.909829,116.512702,294.289371
52.584572,111.463582,291.989348
40.754944,128.330549,282.656390
40.591887,112.253594,281.620067
28.128534,125.021307,257.159354
28.068079,119.062837,256.775250
77.976341,108.880950,299.543936
79.393377,115.681739,301.152855
29.345428,112.084543,257.496005
48.987776,95.307636,263.846534
49.514423,147.244780,267.194311
68.263148,91.513140,290.143388
72.157480,96.245685,293.788221
29.545596,131.822106,258.768278
-53.179966,172.092783,-276.547421
-57.208675,148.792421,-281.342320
-63.616086,150.105815,-286.832740
-63.371911,174.181999,-285.280836
-96.408056,172.064550,-247.233942
-86.216085,169.975335,-238.500526
-70.041596,149.637765,-292.438059
-73.592687,173.437446,-294.196934
-106.628788,171.319999,-256.150061
-56.504391,148.837562,-282.153427
-62.911793,150.150957,-287.643858
-69.337303,149.682907,-293.249177
-57.282454,144.337678,-283.079454
-62.958969,145.501258,-287.943593
-68.651475,145.086605,-292.909473
-60.770348,144.341544,-281.356999
-65.307510,145.271594,-285.244857
-69.857523,144.940152,-289.214079
-56.384795,132.501686,-279.673657
-73.030486,133.598229,-294.066041
-66.103796,120.377795,-290.825278
-69.856351,117.783474,-294.228005
-76.152278,131.439977,-296.896808
-61.558648,120.078353,-286.895391
-84.936829,135.169689,-282.234217
-76.387578,142.017532,-284.201022
-87.979390,133.066210,-284.993139
-81.597848,140.455701,-288.812022
-85.535003,137.733834,-292.382135
-76.458969,142.961313,-295.056244
-81.447341,139.512697,-299.579576
-89.429258,133.001267,-296.026901
-86.381369,133.516518,-304.197502
-84.668129,112.948294,-305.320251
-89.116282,128.811648,-306.834070
-83.398410,134.891430,-306.281636
-86.820061,129.005129,-309.580249
-79.099599,139.663175,-302.283413
-85.983035,138.175037,-308.343121
-89.845173,131.530843,-312.066389
-81.130634,143.561170,-303.830023
-86.687328,138.129896,-307.532004
-90.549467,131.485701,-311.255272
-81.834927,143.516028,-303.018906
-100.070390,155.132350,-318.206268
-106.213747,144.563692,-324.128729
-92.351842,163.699853,-311.027440
-139.249847,142.446246,-286.081856
-133.106490,153.014904,-280.159396
-125.387942,161.582407,-272.980568
-97.065618,107.226863,-251.413355
-116.431587,167.774314,-264.859163
-83.395487,169.891760,-302.906035
-76.204294,147.408704,-297.913186
-75.500001,147.453845,-298.724303
-74.111227,143.111791,-297.760081
-76.498260,165.143702,-230.331436
-43.462129,167.261150,-268.378321
-67.679366,157.780855,-223.083759
-34.643234,159.898304,-261.130644
-51.099430,145.754927,-276.206689
-45.555198,141.126114,-271.650243
-50.395136,145.800069,-277.017808
-44.850904,141.171256,-272.461361
-51.870054,141.646653,-278.529632
-46.958323,137.545874,-274.492999
-54.217806,141.496174,-275.825782
-49.306060,137.395396,-271.789137
-59.842041,139.022536,-270.001215
-65.013706,141.268284,-274.366787
-55.965383,135.785938,-266.815241
-66.259509,133.939319,-266.085175
-63.263584,131.438048,-263.623018
-53.310865,129.935301,-277.147392
-52.172155,130.546946,-263.813150
-44.500046,130.757571,-267.985493
-42.761844,132.214488,-271.145907
-41.864203,125.698893,-265.978325
-39.464139,125.885555,-268.634738
-40.114128,135.153432,-268.683333
-36.391812,128.009575,-265.848827
-40.818422,135.108290,-267.872214
-37.096106,127.964433,-265.037708
-27.108610,150.325973,-255.121065
-21.187721,138.962583,-250.612370
-60.144730,148.208525,-217.074170
-54.223841,136.845135,-212.565475
-50.175227,124.187267,-209.754520
-48.175970,110.788163,-208.764274
-17.139107,126.304715,-247.801415
-15.139840,112.905611,-246.811160
-34.550907,120.006809,-263.270582
-33.293996,111.583190,-262.648011
-33.846613,120.051951,-264.081701
-32.589701,111.628332,-263.459130
-37.209244,118.835649,-267.069166
-36.095748,111.372934,-266.517644
-40.061897,120.063972,-264.726986
-38.443500,111.222455,-263.813794
-45.181196,110.347060,-271.178557
-45.339850,110.184139,-259.013923
-46.617197,117.162433,-259.734676
-54.141647,109.459010,-256.925653
-45.400291,104.225650,-259.398016
-54.188363,104.854315,-257.222484
-45.229124,105.622489,-271.483113
-46.817366,97.424860,-261.006951
-40.315508,95.056392,-266.338959
-44.964497,84.961416,-270.937499
-53.744984,87.130716,-279.906568
-42.229629,89.666280,-268.300970
-58.026704,100.916512,-284.895070
-55.701446,105.965633,-282.595047
-55.643817,111.644906,-282.228935
-57.863631,116.993465,-283.858733
-61.779340,98.322198,-288.297827
-66.324423,98.621579,-292.227661
-56.866872,84.972532,-282.737414
-73.512414,86.069102,-297.129668
-66.786275,82.002154,-269.433057
-65.677940,75.773358,-278.588572
-61.488406,73.537813,-285.920974
-63.743606,84.105603,-266.674043
-66.038374,73.206371,-289.890157
-70.575536,74.136416,-293.778014
-60.467652,77.335160,-273.977559
-54.886958,75.516618,-280.078809
-57.998970,73.692317,-287.633254
-52.539206,75.667097,-282.782658
-63.691444,73.277633,-292.599108
-56.530560,80.057049,-270.407499
-49.898633,78.965261,-275.555516
-52.636212,84.789595,-266.762653
-47.550880,79.115740,-278.259365
-43.251977,83.887463,-274.261064
-45.519799,75.217719,-276.712716
-40.667368,80.603858,-272.199592
-51.150433,71.325074,-281.818436
-46.224093,75.172578,-275.901597
-41.371662,80.558716,-271.388474
-51.854717,71.279933,-281.007330
-35.707250,54.988781,-267.893084
-27.988654,63.556254,-260.714216
-44.663600,48.796866,-276.014485
-61.024755,61.438808,-222.667344
-68.743350,52.871335,-229.846211
-77.699715,46.679419,-237.967625
-87.502500,43.133747,-246.676714
-97.723143,42.389226,-255.592754
-54.466385,45.251194,-284.723573
-64.687043,44.506672,-293.639627
-58.017434,69.050844,-286.482433
-64.442883,68.582790,-292.087700
-57.313141,69.095985,-287.293551
-63.738590,68.627932,-292.898817
-70.145984,69.941366,-298.389260
-69.367935,74.441248,-297.463246
-70.850277,69.896224,-297.578143
-74.780321,77.132274,-302.013055
-77.128063,76.981795,-299.309218
-76.255254,72.978851,-303.524892
-82.223417,78.768366,-292.788326
-77.051752,76.522610,-288.422754
-85.463460,83.232547,-285.581981
-86.100075,82.004958,-295.974301
-88.459412,85.733763,-288.044164
-76.586383,88.635404,-299.655971
-89.893292,87.243945,-298.976404
-86.845838,87.720396,-307.149520
-89.481687,92.779071,-309.156694
-91.283966,98.413990,-310.408009
-84.716058,108.223732,-305.624806
-70.019409,101.706523,-295.264329
-72.239223,107.055086,-296.894127
-72.181605,112.734298,-296.528028
-91.030372,123.421539,-308.796053
-97.581353,107.712863,-294.741529
-97.534623,112.317565,-294.444686
-95.248080,120.366017,-301.782603
-96.665139,113.565218,-303.391524
-96.725604,107.606747,-303.775637
-92.825790,114.804902,-310.834562
-92.902372,107.255519,-311.321209
-90.478049,114.955380,-313.538399
-90.554631,107.405997,-314.025046
-89.214804,122.261549,-312.034909
-93.974287,115.672047,-316.534298
-94.060690,107.150598,-317.083571
-92.548314,123.918944,-314.837155
-94.678580,115.626905,-315.723181
-94.764983,107.105456,-316.272454
-93.252607,123.873802,-314.026038
-112.781629,119.337811,-331.235533
-112.919141,105.783066,-332.109306
-110.513457,132.455772,-328.536017
-145.955241,103.665619,-294.062433
-145.817729,117.220364,-293.188660
-143.549557,130.338326,-290.489144
-143.955967,90.266504,-293.072173
-139.907354,77.608640,-290.261217
-106.871253,79.726086,-328.308090
-110.919867,92.383950,-331.119045
-93.508069,98.681830,-315.649881
-90.962874,90.724201,-313.882758
-92.803776,98.726972,-316.460998
-90.258580,90.769343,-314.693876
-89.441117,99.943241,-313.473512
-87.186235,92.893373,-311.907948
-95.448257,100.628455,-303.054884
-83.888531,86.564431,-309.396780
-86.536258,83.625521,-311.859362
-82.039794,81.082571,-303.345851
-79.692052,81.233049,-306.049688
-81.799486,77.607666,-308.081339
-87.240551,83.580379,-311.048245
-82.503779,77.562525,-307.270221
-100.950372,68.362700,-323.799402
-93.415725,58.790362,-317.789803
-126.451840,56.672915,-279.742944
-133.986472,66.245253,-285.752529
-117.632952,49.310069,-272.495272
-107.915129,44.478439,-264.326184
-74.879029,46.595885,-302.373056
-84.596837,51.427516,-310.542131
-76.959547,72.933710,-302.713775
-54.881348,72.007469,-216.744840
-50.581622,84.115390,-212.337537
-17.545491,86.232839,-250.384423
-21.845248,74.124916,-254.791712
-37.509560,87.202934,-267.665235
-34.806367,94.814806,-264.894424
-36.805266,87.248076,-268.476354
-34.102073,94.859948,-265.705543
-39.830371,89.773754,-270.962490
-37.435563,96.517344,-268.507772
-38.520094,103.673025,-264.300454
-36.172341,103.823504,-267.004303
-32.676099,103.106842,-264.008401
-33.380393,103.061700,-263.197282
-15.277335,99.350825,-247.684919
-48.313466,97.233377,-209.638035
-252.297034,97.705039,26.316964
-252.434531,84.150253,25.443183
-219.398401,86.267701,-12.603703
-219.260905,99.822487,-11.729942
-348.077055,77.183378,-57.990974
-350.076314,90.582495,-58.981222
-317.040194,92.699942,-97.028117
-315.040905,79.300828,-96.037843
-254.702687,71.032258,22.743680
-221.666556,73.149707,-15.303205
-349.938801,104.137240,-58.107449
-316.902681,106.254687,-96.154344
-259.002403,58.924346,18.336366
-225.966293,61.041793,-19.710517
-347.670660,117.255203,-55.407959
-314.634540,119.372651,-93.454854
-265.145809,48.355684,12.413862
-232.109700,50.473131,-25.633021
-343.370919,129.363121,-51.000645
-310.334810,131.480568,-89.047528
-272.864416,39.788210,5.234984
-239.828296,41.905658,-32.811890
-337.227547,139.931780,-45.078171
-304.191438,142.049227,-83.125054
-281.820762,33.596296,-2.886413
-248.784637,35.713744,-40.933283
-329.508999,148.499284,-37.899343
-296.472890,150.616730,-75.946226
-291.623547,30.050624,-11.595501
-258.587438,32.168071,-49.642384
-300.529114,158.981426,-12.152717
-290.337143,156.892212,-3.419301
-257.301032,159.009659,-41.466186
-267.492994,161.098874,-50.199613
-320.552660,154.691190,-29.777951
-287.516535,156.808638,-67.824821
-301.844215,29.306101,-20.511543
-268.808095,31.423549,-58.558438
-280.619325,152.060578,4.749782
-247.583204,154.178026,-33.297094
-310.749885,158.236873,-21.068851
-277.713751,160.354322,-59.115733
-312.036176,31.395316,-29.244971
-279.000066,33.512763,-67.291854
-271.800431,144.697731,11.997459
-238.764308,146.815179,-26.049416
-321.754014,36.226945,-37.414072
-288.717904,38.344391,-75.460956
-264.265795,135.125401,18.007049
-231.229684,137.242848,-20.039836
-330.572902,43.589791,-44.661744
-297.536793,45.707238,-82.708627
-258.344908,123.762015,22.515742
-225.308797,125.879462,-15.531143
-338.107534,53.162130,-50.671330
-305.071425,55.279576,-88.718213
-254.296292,111.104143,25.326698
-221.260172,113.221591,-12.720197
-344.028415,64.525516,-55.180018
-310.992306,66.642963,-93.226901
-268.150545,96.261188,-54.379038
-270.451180,96.382619,10.480102
-270.537578,87.861128,9.930831
-330.665256,83.481258,-42.521809
-331.922156,91.904886,-43.144370
-271.963552,79.614235,8.233689
-331.835753,100.426338,-42.595097
-274.666745,72.002362,5.462878
-330.409779,108.673232,-40.897954
-278.528839,65.358137,1.739646
-327.706624,116.285135,-38.127175
-283.381285,59.972005,-2.773491
-323.844486,122.929330,-34.403906
-289.011920,56.079360,-7.879211
-318.992085,128.315458,-29.890809
-295.174617,53.850272,-13.354337
-300.773269,134.905244,-13.704644
-294.365877,133.591848,-8.214201
-313.361477,132.208132,-24.785090
-301.600081,53.382217,-18.959617
-288.256622,130.554355,-3.078582
-307.198764,134.437195,-19.309950
-308.007460,54.695652,-24.450047
-282.712390,125.925542,1.477864
-314.116719,57.733139,-29.585691
-277.975608,119.907718,5.255898
-319.660951,62.361954,-34.142137
-274.253293,112.763866,8.090404
-324.397738,68.379807,-37.920174
-271.708092,104.806237,9.857531
-328.120031,75.523631,-40.754661
-331.369549,83.436116,-41.710692
-332.626449,91.859744,-42.333253
-271.241871,87.815987,10.741949
-272.667845,79.569093,9.044806
-332.540046,100.381197,-41.783979
-275.371038,71.957221,6.273995
-331.114072,108.628090,-40.086837
-279.233132,65.312995,2.550764
-328.410917,116.239994,-37.316057
-284.085578,59.926864,-1.962373
-324.548779,122.884188,-33.592789
-289.716213,56.034218,-7.068093
-319.696378,128.270317,-29.079692
-295.878910,53.805131,-12.543220
-301.477562,134.860102,-12.893527
-295.070170,133.546706,-7.403084
-314.065760,132.162991,-23.973985
-302.304374,53.337076,-18.148500
-288.960915,130.509213,-2.267465
-307.903072,134.392052,-18.498846
-308.711743,54.650512,-23.638942
-283.416683,125.880400,2.288981
-314.821012,57.687997,-28.774573
-278.679901,119.862577,6.067015
-320.365244,62.316812,-33.331020
-274.957586,112.718724,8.901521
-325.102031,68.334665,-37.109057
-272.412385,104.761096,10.668648
-328.824324,75.478490,-39.943544
-271.155473,96.337477,11.291219
-295.848234,129.046822,-8.329112
-290.435833,126.355802,-3.779289
-312.676971,127.820939,-23.009750
-307.217244,129.795750,-18.159143
-302.257198,57.986779,-17.848764
-307.933679,59.150395,-22.712914
-285.524102,122.255019,0.257344
-301.524723,130.210404,-13.193249
-313.346080,61.841414,-27.262737
-281.327623,116.923637,3.604436
-318.257826,65.942194,-31.299383
-278.029923,110.594699,6.115601
-322.454304,71.273576,-34.646474
-275.775029,103.544793,7.681173
-325.752008,77.602509,-37.157642
-274.661520,96.082079,8.232706
-328.006891,84.652386,-38.723206
-274.738115,88.532649,7.746045
-329.120404,92.115142,-39.274740
-276.001347,81.226489,6.242566
-329.043792,99.664527,-38.788068
-278.396166,74.482897,3.787839
-327.780578,106.970694,-37.284604
-281.817757,68.596607,0.489279
-325.385805,113.714280,-34.829917
-286.116645,63.824886,-3.509010
-321.964169,119.600575,-31.531317
-291.104985,60.376242,-8.032315
-317.665373,124.372320,-27.533108
-296.564740,58.401462,-12.882923
-272.390373,88.683127,5.042208
-274.185785,80.066494,3.003704
-326.772662,92.265620,-41.978578
-326.696050,99.815006,-41.491905
-276.099904,74.676383,1.041674
-324.900648,108.431646,-39.453409
-278.834772,69.971518,-1.594854
-322.986557,113.821753,-37.491426
-283.768893,63.975365,-6.212859
-320.251659,118.526620,-34.854871
-288.757233,60.526721,-10.736164
-315.317631,124.522799,-30.236945
-295.358681,58.547916,-16.578329
-299.177770,130.281698,-15.902199
-294.640622,129.351647,-12.014355
-310.329229,127.971417,-25.713587
-299.908649,58.216473,-20.547513
-288.088081,126.506281,-6.483138
-303.727798,129.950255,-19.871435
-304.445811,59.146519,-24.435370
-283.176350,122.405498,-2.446505
-310.998338,61.991892,-29.966574
-278.370316,115.767674,1.357176
-315.910084,66.092672,-34.003220
-275.734481,110.708996,3.364338
-320.716113,72.730498,-37.806876
-273.932176,105.074079,4.615676
-323.351946,77.789175,-39.814036
-272.313778,96.232557,5.528868
-325.154256,83.424092,-41.065378
-280.548038,90.539741,-0.472106
-291.703708,117.418938,-8.662650
-279.752668,120.255491,-20.210360
-288.164423,126.965456,-17.369627
-269.767901,102.859606,-2.737486
-268.490566,95.881311,-2.016743
-280.500110,95.264312,-0.167551
-267.634791,95.775183,-11.050825
-309.250792,67.702130,-38.977140
-313.044020,72.941116,-41.979231
-311.905261,73.552659,-28.644976
-320.034935,93.140987,-34.613811
-319.987022,97.865547,-34.309269
-311.027796,98.633737,-48.569884
-311.074511,94.029035,-48.866714
-288.629779,114.852557,-6.136386
-305.374119,64.465531,-35.791153
-279.116085,121.483111,-9.818067
-275.322858,116.244123,-6.815976
-267.681521,91.170487,-11.347669
-300.202455,62.219783,-31.425581
-308.349378,118.515482,-23.055059
-301.952570,72.049927,-42.169349
-292.185786,69.889784,-11.726408
-308.831321,70.986346,-26.118698
-282.992744,124.719709,-13.004041
-304.748551,126.152878,-31.814848
-299.538280,127.714705,-27.203849
-289.063883,72.047970,-8.895548
-280.279434,68.318326,-23.558242
-277.236764,70.421767,-20.799228
-311.471156,116.357234,-25.885813
-301.472548,119.382383,-39.118324
-312.579960,118.698440,-39.029728
-308.685705,123.431011,-35.384961
-283.618355,63.032333,-16.980385
-288.828627,61.470532,-21.591385
-276.756727,117.754222,-17.748190
-298.891748,104.866510,-13.564696
-295.196766,101.781615,-10.528029
-309.572338,91.843238,-23.563445
-309.514689,97.522452,-23.197320
-292.976936,96.433058,-8.898217
-299.112455,83.110350,-14.967145
-303.657523,83.409732,-18.896966
-303.436910,105.165947,-17.494596
-293.034566,90.753785,-9.264329
-295.359823,85.704664,-11.564352
-307.189451,102.571632,-20.897310
-307.352508,86.494676,-21.933634
-319.815867,99.262389,-46.394352
-319.876317,93.303919,-46.778451
-269.968054,83.122034,-4.009764
-268.551007,89.922822,-2.400836
-318.598970,86.325628,-46.057698
-298.956618,69.548719,-39.707166
-298.429972,121.485863,-36.359389
-279.681247,65.754223,-13.410312
-275.786915,70.486767,-9.765480
-318.398808,106.063188,-44.785430
-228.066637,-7.899898,-253.123857
-282.084704,-11.362182,-190.912564
-280.542241,-11.247990,-189.566888
-226.524174,-7.785706,-251.778182
-284.315846,20.597701,-191.067202
-230.293846,24.060237,-253.283025
-228.751383,24.174429,-251.937350
-282.773383,20.711893,-189.721527
-74.952546,129.914429,141.476738
-153.076961,123.697069,73.163618
-147.744472,47.989840,73.700761
-81.649567,53.249853,131.495113
-71.859870,86.104022,141.809417
-176.085347,77.048349,50.665498
-94.085501,81.934648,-43.754372
-108.315183,-75.779794,-50.476039
-176.435830,-79.926318,27.966372
-71.055229,128.582929,-21.281306
7.134503,134.799009,46.957071
10.227187,90.988610,47.289735
0.427458,58.134639,36.986916
-65.722729,52.875707,-20.744172
-179.245768,121.614489,50.281226
-97.245926,126.500779,-44.138647
-83.431152,-73.927052,-28.766043
-151.565006,-78.073621,49.691535
31.915688,-66.313380,-161.618720
49.253036,60.616456,-153.176482
-32.730950,54.990328,-58.740002
-36.195616,-70.899454,-83.166063
122.056187,142.541757,-85.413433
125.233403,98.736779,-85.178117
115.458071,65.883527,-95.508963
43.801593,136.316055,-153.576628
20.868581,89.672172,-176.161556
7.018465,-68.167749,-183.313483
-61.079725,-72.752221,-104.875968
-61.093791,84.049265,-81.750122
-38.182385,130.689928,-59.140163
33.419436,60.249272,-1.009144
43.184811,93.101043,9.333239
40.007627,136.906025,9.097893
17.589196,134.230678,-176.408819
-64.373161,128.607770,-81.997412
116.951280,-26.089974,100.096756
59.947314,-30.675530,86.508669
77.824202,-29.607830,65.926932
-40.510348,27.962583,180.578983
-37.568574,-6.195243,181.232319
5.270162,82.285194,223.353472
44.802826,-26.478892,100.968331
-16.141710,-30.031233,171.126570
-13.794757,-28.517641,173.243388
47.149787,-24.965280,103.085139
50.454879,-0.931957,79.890090
34.408592,32.443347,94.323995
-28.060479,-35.937818,187.832895
11.065354,-32.401765,222.002651
84.863467,87.176257,131.705659
91.576045,133.208389,120.105281
-130.222698,116.788135,-73.418706
-123.071224,108.548749,-80.916810
30.378470,112.707322,52.571606
68.316137,0.134727,59.326381
65.374346,34.292537,58.673029
-113.234592,109.179231,-92.245398
40.223303,113.338326,41.233563
-22.420105,-10.391595,166.768057
38.532111,-6.838778,96.601021
-20.073153,-8.877985,168.884875
40.879063,-5.325152,98.717840
222.771237,-18.832413,-21.813846
183.645404,-22.368465,-55.983601
171.195518,41.531931,-63.237509
216.976069,95.854544,-20.463006
174.137312,7.374121,-62.584195
96.321243,36.411663,23.020711
137.411988,90.544359,71.186876
124.366353,135.310082,82.341551
50.068111,113.969328,29.895538
-103.398002,109.809715,-103.573982
-97.454435,118.888431,-111.157119
-2.146256,5.574853,102.352124
-14.670555,-0.689097,85.538497
-18.305917,0.560096,88.482126
-4.369499,6.338799,104.152329
-10.804878,5.019879,112.324049
-28.828825,-1.596554,101.844231
-28.655475,-10.500119,109.121401
-10.698864,-0.425193,116.774472
-7.158722,-6.397931,117.897039
-22.866775,-20.266534,110.957008
-14.171365,-26.325934,106.492219
-1.840980,-10.103609,115.166562
-6.741596,-25.627745,98.069837
2.702770,-9.676635,110.015766
4.507002,-5.650217,104.461909
-3.791386,-19.043883,88.988345
-7.067405,-8.894487,84.393251
2.503509,0.556755,101.651740
-25.792272,-25.031438,127.077477
-8.581629,-37.024647,118.240447
-14.867387,-41.826378,112.515289
-32.078035,-29.833169,121.352307
-15.855403,8.916045,71.042011
-29.889200,13.738322,82.405475
-36.346018,22.261848,82.345785
-14.841415,14.872463,64.933040
84.960110,72.061662,181.686836
82.736863,72.825606,183.487037
-43.878568,7.119919,103.315623
-43.535477,-10.502739,117.719176
-49.668621,-9.560369,123.662501
-50.100313,12.612576,105.539859
6.329195,-36.068939,101.068013
11.963251,-22.611461,83.595363
5.677491,-27.413211,77.870203
0.043431,-40.870670,95.342851
5.684339,-2.949179,73.998244
-0.601423,-7.750900,68.273084
-7.312521,-44.170241,122.840102
-28.967030,-29.080275,133.958909
-35.252797,-33.882006,128.233744
-13.598284,-48.971952,117.114942
-30.060252,27.063585,88.070950
-8.555648,19.674200,70.658206
-43.382854,-4.758646,129.387666
-43.814545,17.414299,111.265025
-28.616837,18.218725,93.904450
-37.592803,11.921656,109.040787
10.636981,-1.296249,67.174337
-9.569635,13.717768,76.767176
18.537157,-26.035478,79.249491
11.448354,-42.967745,101.233658
-37.249712,-5.701018,123.444339
4.351214,-6.097986,61.449172
12.251390,-30.837209,73.524326
5.162590,-47.769475,95.508495
-23.603436,18.540058,88.130638
-34.902599,13.416988,88.179289
-9.382901,6.017465,109.926143
-26.503652,0.034663,97.923258
-7.953083,-23.992949,98.018521
-14.486182,-24.614819,105.400280
-16.694978,-24.274898,102.598491
-11.037261,-23.736335,96.205822
89.673299,66.911901,180.831299
91.613361,60.836614,183.796626
89.872551,56.678510,189.195325
85.265391,56.383215,194.501279
79.947639,60.088892,197.231756
76.407514,66.061623,196.109182
76.301493,71.506689,191.658754
77.723462,72.504272,189.260849
-27.340322,-2.902673,101.318225
-27.188102,-10.721168,107.708526
-22.107131,-19.299060,109.318352
-5.378321,-18.223606,90.028962
-8.239186,-9.298667,86.008446
-14.923465,-2.106692,87.002691
-17.764940,-1.127441,89.307969
-25.516416,-1.623231,98.238199
-27.826766,-5.471978,99.063391
-26.247245,-4.363973,96.396055
-19.534402,-3.934615,88.662398
-17.073664,-4.782672,86.666013
-11.285018,-11.010970,85.804993
-8.807478,-18.740046,89.286789
-23.294782,-19.671385,105.991569
-27.694946,-12.242861,104.597441
-116.874486,-115.206636,-37.319377
-91.990517,-113.352716,-15.609409
-137.606046,-116.031304,36.912268
-162.481141,-117.885517,15.192129
-47.121154,-110.735781,-117.652593
-1.540348,-107.569950,-170.159473
23.352428,-105.714583,-148.459699
-22.237146,-108.881839,-95.942673
-119.229433,-81.443189,-37.485140
-164.836102,-84.122071,15.026382
-139.961006,-82.267818,36.746517
-94.345477,-79.589230,-15.775161
-49.476101,-76.972335,-117.818357
-24.592096,-75.118372,-96.108435
20.997450,-71.951138,-148.625426
-3.895307,-73.806483,-170.325224
-149.259349,-85.679177,8.310799
-150.980948,-60.996341,8.189632
-125.298749,-59.528786,-21.377385
-123.577155,-84.211663,-21.256208
-8.238303,-76.640384,-154.099714
-9.959879,-51.957526,-154.220908
4.056116,-50.910760,-142.002594
5.777712,-75.593596,-141.881422
-21.610740,-52.735079,-112.432108
-19.889144,-77.417936,-112.310936
-135.253289,-84.633027,20.540555
-136.974888,-59.950151,20.419382
-109.566090,-83.165833,-9.032174
-111.287692,-58.482957,-9.153340
-35.621834,-53.780931,-124.656107
-33.900238,-78.463787,-124.534935
45.100212,-2.445572,-205.406668
50.132786,-2.073000,-201.016149
52.253457,-3.682048,-206.119030
48.607903,-3.951935,-209.299485
50.725817,-10.575374,-200.974407
46.557190,-10.842562,-196.173501
41.524616,-11.215133,-200.564020
45.693243,-10.947945,-205.364926
48.960513,-9.007356,-209.274666
30.768948,-10.354097,-225.145354
30.416338,-5.298676,-225.170172
40.931585,-2.712759,-200.605761
45.964159,-2.340188,-196.215242
52.606067,-8.737469,-206.094211
26.908648,-3.792328,-221.277355
26.972935,-10.635123,-228.457071
26.620325,-5.579702,-228.481890
27.501679,-12.294701,-221.235614
22.318645,-12.678411,-225.757398
18.150018,-12.945599,-220.956491
17.556986,-4.443226,-220.998232
21.725613,-4.176038,-225.799139
22.740021,-4.059516,-216.476449
23.333052,-12.561889,-216.434708
3.255026,120.991612,-215.220879
202.903233,136.331782,-40.903017
222.001501,98.220693,-44.034462
10.056008,81.884273,-228.975918
207.880321,-27.092231,-49.360139
203.972415,-25.847119,-44.980824
14.554123,-38.368847,-210.376809
18.462032,-39.613939,-214.756120
7.116403,-154.436975,-184.090329
11.024310,-155.682046,-188.469641
103.289707,-148.483479,-108.121290
99.381809,-147.238387,-103.741968
224.512798,-18.305648,-37.024845
12.535402,-32.256612,-222.132110
15.535783,3.319956,-228.590217
227.529926,19.533627,-43.694134
4.854534,-160.026957,-192.737632
105.247443,-152.195531,-105.317529
222.261901,-18.430872,-30.552732
102.278088,-152.187096,-102.148686
-0.937299,-160.227516,-192.031218
214.187823,97.328508,-31.121025
5.273344,-30.762705,-219.650210
-2.507676,80.794886,-220.197886
203.647066,137.959491,-38.012302
-0.797222,122.302494,-216.402650
215.230964,-8.259447,-59.568727
208.137558,-8.694092,-47.324283
208.908386,-19.745570,-47.270028
216.001793,-19.310925,-59.514471
207.971757,-8.786266,-63.743925
188.651542,-10.125671,-62.081869
198.326457,-9.486251,-69.291500
199.097286,-20.537728,-69.237245
189.422370,-21.177148,-62.027614
208.742579,-19.837744,-63.689674
208.899285,-22.084459,-63.678644
216.158499,-21.557639,-59.503441
211.237736,-8.586449,-69.447538
212.008560,-19.637947,-69.393288
212.165266,-21.884661,-69.382258
211.115976,-40.105314,-65.258862
210.294176,-42.083212,-63.580463
209.988848,-23.945428,-65.338191
217.553384,-41.556392,-59.405266
212.299144,-23.804095,-69.372835
213.426279,-39.963980,-69.293500
224.321299,-23.068635,-90.367915
225.448433,-39.228520,-90.288580
225.143120,-21.090736,-92.046303
226.538005,-41.089489,-91.948127
232.402322,-20.563917,-87.871099
233.797207,-40.562670,-87.772924
219.424496,-21.357841,-65.207062
220.819381,-41.356594,-65.108886
219.267790,-19.111126,-65.218092
213.560157,-41.883414,-69.284077
218.496962,-8.059648,-65.272347
203.972425,-25.847119,-44.980836
99.381820,-147.238406,-103.741981
7.116419,-154.436973,-184.090336
14.554111,-38.368848,-210.376819
-196.487033,-17.930087,72.823509
-199.754302,-19.870692,76.733249
-196.108750,-19.600804,79.913702
-191.454461,-17.557516,77.214027
-190.861430,-26.059889,77.255768
-195.894002,-26.432460,72.865250
-191.725365,-26.165272,68.064332
-186.692792,-25.792701,72.454849
-217.945880,-21.217433,60.862551
-217.593269,-26.272870,60.887370
-199.401692,-24.926113,76.758068
-187.285823,-17.290328,72.413108
-192.318396,-17.662899,68.022591
-195.756140,-24.656225,79.938521
-214.678610,-19.276845,56.952811
-221.741893,-21.498459,57.550833
-221.389281,-26.553896,57.575652
-219.268613,-28.162928,52.472769
-214.085579,-27.779218,56.994552
-219.861644,-19.660555,52.431028
-215.693007,-19.393366,47.630109
-215.099975,-27.895739,47.671850
-209.916941,-27.512029,52.193634
-210.509972,-19.009656,52.151893
-218.910581,106.751933,40.641889
-229.390083,66.537010,46.788318
-17.444613,82.873412,231.729753
-19.154108,122.099034,214.834996
-17.817749,-41.558331,210.570799
-207.460587,-54.094431,45.433462
-203.754864,-52.361345,41.044339
-14.112016,-39.825224,206.181687
-176.150163,-167.678999,27.094647
-172.444417,-165.945911,22.705544
-84.049153,-160.490948,107.632317
-80.343430,-158.757862,103.243194
-3.750769,-32.936184,225.860704
-11.996020,4.181230,232.162024
-223.910307,-12.027323,47.174019
-215.995868,-46.904306,41.061793
-181.004388,-171.939611,21.311570
-80.796202,-164.120044,108.944416
-78.085762,-163.747544,105.571975
2.333752,-32.527150,222.733120
-181.116420,-171.776123,15.476744
-5.740328,83.232238,222.164826
-214.654782,-44.858981,33.635662
-222.435802,66.698610,33.087986
-16.281083,123.863221,215.273550
-220.725325,108.206227,36.883243
-34.051354,-24.399796,194.399625
-33.280530,-35.451273,194.453877
-39.069540,-35.803012,205.053669
-39.840356,-24.751534,204.999424
-27.901079,-23.842977,220.440510
-27.130250,-34.894454,220.494766
-16.010227,-34.161711,211.763245
-16.781049,-23.110233,211.708995
-33.028104,-24.233134,213.809730
-32.257282,-35.284612,213.863980
-26.973544,-37.141169,220.505796
-32.158672,-37.483044,224.535128
-30.763787,-57.481797,224.633303
-25.578653,-57.139921,220.603977
-52.762432,-38.841530,240.546185
-51.367540,-58.840283,240.644366
-37.151827,-39.792616,217.913765
-33.483961,-39.550779,215.063493
-32.356831,-55.710685,215.142822
-36.024696,-55.952521,217.993096
-32.100576,-37.531326,213.875010
-35.890817,-57.871955,218.002519
-30.705685,-57.530079,213.973191
-32.315378,-35.236330,224.524098
-37.442410,-35.626487,217.893312
-37.285704,-37.873202,217.904342
-57.889452,-39.231687,233.915398
-56.494561,-59.230439,234.013579
-55.111183,-57.210967,232.825104
-56.238319,-41.051062,232.745769
-33.086207,-24.184852,224.469842
-38.213240,-24.574990,217.839056
-203.754864,-52.361345,41.044339
-172.444422,-165.945911,22.705561
-80.343429,-158.757882,103.243215
-14.112020,-39.825224,206.181704
1676
0 1
1 2
2 3
3 4
4 5
5 6
6 7
7 8
8 9
9 10
10 11
11 12
12 13
13 14
14 15
15 16
16 17
17 18
18 19
19 20
20 21
21 22
22 23
23 24
24 25
25 26
26 27
27 28
28 29
29 30
30 31
31 32
32 33
33 34
34 35
35 36
36 37
37 38
38 39
39 40
40 41
41 42
42 43
43 44
44 45
45 46
46 47
47 48
48 49
49 50
50 51
51 52
52 53
53 54
54 55
55 56
56 57
57 58
58 59
59 60
60 61
61 62
62 63
63 64
64 65
65 66
66 67
67 68
68 69
69 70
70 71
71 72
72 73
73 74
74 75
75 76
76 77
77 78
78 79
79 80
80 81
81 82
82 83
83 84
84 85
85 86
86 87
87 88
88 89
89 90
90 91
91 92
92 93
93 94
94 95
95 96
96 97
97 98
98 99
99 100
100 101
101 102
102 103
103 104
104 105
105 106
106 107
107 108
108 109
109 110
110 111
111 112
112 113
113 114
114 115
115 116
116 117
117 118
118 119
119 120
120 121
121 122
122 123
123 124
124 125
125 126
126 127
127 128
128 129
129 130
130 131
131 132
132 133
133 134
134 135
135 136
136 137
137 138
138 139
139 140
140 141
141 142
142 143
143 144
144 145
145 146
146 147
147 148
148 149
149 150
150 151
151 152
152 153
153 154
154 155
155 156
156 157
157 158
158 159
159 160
160 161
161 162
162 163
163 164
164 165
165 166
166 167
167 168
168 169
169 170
170 171
171 172
172 173
173 174
174 175
175 176
176 177
177 178
178 179
179 180
180 181
181 182
182 183
183 184
184 185
185 186
186 187
187 188
188 189
189 190
190 191
191 192
192 193
193 194
194 195
195 196
196 197
197 198
198 199
199 200
200 201
201 202
202 203
203 204
204 205
205 206
206 207
207 208
208 209
209 210
210 211
211 212
212 213
213 214
214 215
215 216
216 217
217 218
218 219
219 220
220 221
221 222
222 223
223 224
224 225
225 226
226 227
227 228
228 229
229 230
230 231
231 232
232 233
233 234
234 235
235 236
236 237
237 238
238 239
239 240
240 241
241 242
242 243
243 244
244 245
245 246
246 247
247 248
248 249
249 250
250 251
251 252
252 253
253 254
254 255
255 256
256 257
257 258
258 259
259 260
260 261
261 262
262 263
263 264
264 265
265 266
266 267
267 268
268 269
269 270
270 271
271 272
272 273
273 274
274 275
275 276
276 277
277 278
278 279
279 280
280 281
281 282
282 283
283 284
284 285
285 286
286 287
287 288
288 289
289 290
290 291
291 292
292 293
293 294
294 295
295 296
296 297
297 298
298 299
299 300
300 301
301 302
302 303
303 304
304 305
305 306
306 307
307 308
308 309
309 310
310 311
311 312
312 313
313 314
314 315
315 316
316 317
317 318
318 319
319 320
320 321
321 322
322 323
323 324
324 325
325 326
326 327
327 328
328 329
329 330
330 331
331 332
332 333
333 334
334 335
335 336
336 337
337 338
338 339
339 340
340 341
341 342
342 343
343 344
344 345
345 346
346 347
347 348
348 349
349 350
350 351
351 352
352 353
353 354
354 355
355 356
356 357
357 358
358 359
359 360
360 361
361 362
362 363
363 364
364 365
365 366
366 367
367 368
368 369
369 370
370 371
371 372
372 373
373 374
374 375
375 376
376 377
377 378
378 379
379 380
380 381
381 382
382 383
383 384
384 385
385 386
386 387
387 388
388 389
389 390
390 391
391 392
392 393
393 394
394 395
395 396
396 397
397 398
398 399
399 400
400 401
401 402
402 403
403 404
404 405
405 406
406 407
407 408
408 409
409 410
410 411
411 412
412 413
413 414
414 415
415 416
416 417
417 418
418 419
419 420
420 421
421 422
422 423
423 424
424 425
425 426
426 427
427 428
428 429
429 430
430 431
431 432
432 433
433 434
434 435
435 436
436 437
437 438
438 439
439 440
440 441
441 442
442 443
443 444
444 445
445 446
446 447
447 448
448 449
449 450
450 451
451 452
452 453
453 454
454 455
455 456
456 457
457 458
458 459
459 460
460 461
461 462
462 463
463 464
464 465
465 466
466 467
467 468
468 469
469 470
470 471
471 472
472 473
473 474
474 475
475 476
476 477
477 478
478 479
479 480
480 481
481 482
482 483
483 484
484 485
485 486
486 487
487 488
488 489
489 490
490 491
491 492
492 493
493 494
494 495
495 496
496 497
497 498
498 499
499 500
500 501
501 502
502 503
503 504
504 505
505 506
506 507
507 508
508 509
509 510
510 511
511 512
512 513
513 514
514 515
515 516
516 517
517 518
518 519
519 520
520 521
521 522
522 523
523 524
524 525
525 526
526 527
527 528
528 529
529 530
530 531
531 532
532 533
533 534
534 535
535 536
536 537
537 538
538 539
539 540
540 541
541 542
542 543
543 544
544 545
545 546
546 547
547 548
548 549
549 550
550 551
551 552
552 553
553 554
554 555
555 556
556 557
557 558
558 559
559 560
560 561
561 562
562 563
563 564
564 565
565 566
566 567
567 568
568 569
569 570
570 571
571 572
572 573
573 574
574 575
575 576
576 577
577 578
578 579
579 580
580 581
581 582
582 583
583 584
584 585
585 586
586 587
587 588
588 589
589 590
590 591
591 592
592 593
593 594
594 595
595 596
596 597
597 598
598 599
599 600
600 601
601 602
602 603
603 604
604 605
605 606
606 607
607 608
608 609
609 610
610 611
611 612
612 613
613 614
614 615
615 616
616 617
617 618
618 619
619 620
620 621
621 622
622 623
623 624
624 625
625 626
626 627
627 628
628 629
629 630
630 631
631 632
632 633
633 634
634 635
635 636
636 637
637 638
638 639
639 640
640 641
641 642
642 643
643 644
644 645
645 646
646 647
647 648
648 649
649 650
650 651
651 652
652 653
653 654
654 655
655 656
656 657
657 658
658 659
659 660
660 661
661 662
662 663
663 664
664 665
665 666
666 667
667 668
668 669
669 670
670 671
671 672
672 673
673 674
674 675
675 676
676 677
677 678
678 679
679 680
680 681
681 682
682 683
683 684
684 685
685 686
686 687
687 688
688 689
689 690
690 691
691 692
692 693
693 694
694 695
695 696
696 697
697 698
698 699
699 700
700 701
701 702
702 703
703 704
704 705
705 706
706 707
707 708
708 709
709 710
710 711
711 712
712 713
713 714
714 715
715 716
716 717
717 718
718 719
719 720
720 721
721 722
722 723
723 724
724 725
725 726
726 727
727 728
728 729
729 730
730 731
731 732
732 733
733 734
734 735
735 736
736 737
737 738
738 739
739 740
740 741
741 742
742 743
743 744
744 745
745 746
746 747
747 748
748 749
749 750
750 751
751 752
752 753
753 754
754 755
755 756
756 757
757 758
758 759
759 760
760 761
761 762
762 763
763 764
764 765
765 766
766 767
767 768
768 769
769 770
770 771
771 772
772 773
773 774
774 775
775 776
776 777
777 778
778 779
779 780
780 781
781 782
782 783
783 784
784 785
785 786
786 787
787 788
788 789
789 790
790 791
791 792
792 793
793 794
794 795
795 796
796 797
797 798
798 799
799 800
800 801
801 802
802 803
803 804
804 805
805 806
806 807
807 808
808 809
809 810
810 811
811 812
812 813
813 814
814 815
815 816
816 817
817 818
818 819
819 820
820 821
821 822
822 823
823 824
824 825
825 826
826 827
827 828
828 829
829 830
830 831
831 832
832 833
833 834
834 835
835 836
836 837
837 838
838 839
839 840
840 841
841 842
842 843
843 844
844 845
845 846
846 847
847 848
848 849
849 850
850 851
851 852
852 853
853 854
854 855
855 856
856 857
857 858
858 859
859 860
860 861
861 862
862 863
863 864
864 865
865 866
866 867
867 868
868 869
869 870
870 871
871 872
872 873
873 874
874 875
875 876
876 877
877 878
878 879
879 880
880 881
881 882
882 883
883 884
884 885
885 886
886 887
887 888
888 889
889 890
890 891
891 892
892 893
893 894
894 895
895 896
896 897
897 898
898 899
899 900
900 901
901 902
902 903
903 904
904 905
905 906
906 907
907 908
908 909
909 910
910 911
911 912
912 913
913 914
914 915
915 916
916 917
917 918
918 919
919 920
920 921
921 922
922 923
923 924
924 925
925 926
926 927
927 928
928 929
929 930
930 931
931 932
932 933
933 934
934 935
935 936
936 937
937 938
938 939
939 940
940 941
941 942
942 943
943 944
944 945
945 946
946 947
947 948
948 949
949 950
950 951
951 952
952 953
953 954
954 955
955 956
956 957
957 958
958 959
959 960
960 961
961 962
962 963
963 964
964 965
965 966
966 967
967 968
968 969
969 970
970 971
971 972
972 973
973 974
974 975
975 976
976 977
977 978
978 979
979 980
980 981
981 982
982 983
983 984
984 985
985 986
986 987
987 988
988 989
989 990
990 991
991 992
992 993
993 994
994 995
995 996
996 997
997 998
998 999
999 1000
1000 1001
1001 1002
1002 1003
1003 1004
1004 1005
1005 1006
1006 1007
1007 1008
1008 1009
1009 1010
1010 1011
1011 1012
1012 1013
1013 1014
1014 1015
1015 1016
1016 1017
1017 1018
1018 1019
1019 1020
1020 1021
1021 1022
1022 1023
1023 1024
1024 1025
1025 1026
1026 1027
1027 1028
1028 1029
1029 1030
1030 1031
1031 1032
1032 1033
1033 1034
1034 1035
1035 1036
1036 1037
1037 1038
1038 1039
1039 1040
1040 1041
1041 1042
1042 1043
1043 1044
1044 1045
1045 1046
1046 1047
1047 1048
1048 1049
1049 1050
1050 1051
1051 1052
1052 1053
1053 1054
1054 1055
1055 1056
1056 1057
1057 1058
1058 1059
1059 1060
1060 1061
1061 1062
1062 1063
1063 1064
1064 1065
1065 1066
1066 1067
1067 1068
1068 1069
1069 1070
1070 1071
1071 1072
1072 1073
1073 1074
1074 1075
1075 1076
1076 1077
1077 1078
1078 1079
1079 1080
1080 1081
1081 1082
1082 1083
1083 1084
1084 1085
1085 1086
1086 1087
1087 1088
1088 1089
1089 1090
1090 1091
1091 1092
1092 1093
1093 1094
1094 1095
1095 1096
1096 1097
1097 1098
1098 1099
1099 1100
1100 1101
1101 1102
1102 1103
1103 1104
1104 1105
1105 1106
1106 1107
1107 1108
1108 1109
1109 1110
1110 1111
1111 1112
1112 1113
1113 1114
1114 1115
1115 1116
1116 1117
1117 1118
1118 1119
1119 1120
1120 1121
1121 1122
1122 1123
1123 1124
1124 1125
1125 1126
1126 1127
1127 1128
1128 1129
1129 1130
1130 1131
1131 1132
1132 1133
1133 1134
1134 1135
1135 1136
1136 1137
1137 1138
1138 1139
1139 1140
1140 1141
1141 1142
1142 1143
1143 1144
1144 1145
1145 1146
1146 1147
1147 1148
1148 1149
1149 1150
1150 1151
1151 1152
1152 1153
1153 1154
1154 1155
1155 1156
1156 1157
1157 1158
1158 1159
1159 1160
1160 1161
1161 1162
1162 1163
1163 1164
1164 1165
1165 1166
1166 1167
1167 1168
1168 1169
1169 1170
1170 1171
1171 1172
1172 1173
1173 1174
1174 1175
1175 1176
1176 1177
1177 1178
1178 1179
1179 1180
1180 1181
1181 1182
1182 1183
1183 1184
1184 1185
1185 1186
1186 1187
1187 1188
1188 1189
1189 1190
1190 1191
1191 1192
1192 1193
1193 1194
1194 1195
1195 1196
1196 1197
1197 1198
1198 1199
1199 1200
1200 1201
1201 1202
1202 1203
1203 1204
1204 1205
1205 1206
1206 1207
1207 1208
1208 1209
1209 1210
1210 1211
1211 1212
1212 1213
1213 1214
1214 1215
1215 1216
1216 1217
1217 1218
1218 1219
1219 1220
1220 1221
1221 1222
1222 1223
1223 1224
1224 1225
1225 1226
1226 1227
1227 1228
1228 1229
1229 1230
1230 1231
1231 1232
1232 1233
1233 1234
1234 1235
1235 1236
1236 1237
1237 1238
1238 1239
1239 1240
1240 1241
1241 1242
1242 1243
1243 1244
1244 1245
1245 1246
1246 1247
1247 1248
1248 1249
1249 1250
1250 1251
1251 1252
1252 1253
1253 1254
1254 1255
1255 1256
1256 1257
1257 1258
1258 1259
1259 1260
1260 1261
1261 1262
1262 1263
1263 1264
1264 1265
1265 1266
1266 1267
1267 1268
1268 1269
1269 1270
1270 1271
1271 1272
1272 1273
1273 1274
1274 1275
1275 1276
1276 1277
1277 1278
1278 1279
1279 1280
1280 1281
1281 1282
1282 1283
1283 1284
1284 1285
1285 1286
1286 1287
1287 1288
1288 1289
1289 1290
1290 1291
1291 1292
1292 1293
1293 1294
1294 1295
1295 1296
1296 1297
1297 1298
1298 1299
1299 1300
1300 1301
1301 1302
1302 1303
1303 1304
1304 1305
1305 1306
1306 1307
1307 1308
1308 1309
1309 1310
1310 1311
1311 1312
1312 1313
1313 1314
1314 1315
1315 1316
1316 1317
1317 1318
1318 1319
1319 1320
1320 1321
1321 1322
1322 1323
1323 1324
1324 1325
1325 1326
1326 1327
1327 1328
1328 1329
1329 1330
1330 1331
1331 1332
1332 1333
1333 1334
1334 1335
1335 1336
1336 1337
1337 1338
1338 1339
1339 1340
1340 1341
1341 1342
1342 1343
1343 1344
1344 1345
1345 1346
1346 1347
1347 1348
1348 1349
1349 1350
1350 1351
1351 1352
1352 1353
1353 1354
1354 1355
1355 1356
1356 1357
1357 1358
1358 1359
1359 1360
1360 1361
1361 1362
1362 1363
1363 1364
1364 1365
1365 1366
1366 1367
1367 1368
1368 1369
1369 1370
1370 1371
1371 1372
1372 1373
1373 1374
1374 1375
1375 1376
1376 1377
1377 1378
1378 1379
1379 1380
1380 1381
1381 1382
1382 1383
1383 1384
1384 1385
1385 1386
1386 1387
1387 1388
1388 1389
1389 1390
1390 1391
1391 1392
1392 1393
1393 1394
1394 1395
1395 1396
1396 1397
1397 1398
1398 1399
1399 1400
1400 1401
1401 1402
1402 1403
1403 1404
1404 1405
1405 1406
1406 1407
1407 1408
1408 1409
1409 1410
1410 1411
1411 1412
1412 1413
1413 1414
1414 1415
1415 1416
1416 1417
1417 1418
1418 1419
1419 1420
1420 1421
1421 1422
1422 1423
1423 1424
1424 1425
1425 1426
1426 1427
1427 1428
1428 1429
1429 1430
1430 1431
1431 1432
1432 1433
1433 1434
1434 1435
1435 1436
1436 1437
1437 1438
1438 1439
1439 1440
1440 1441
1441 1442
1442 1443
1443 1444
1444 1445
1445 1446
1446 1447
1447 1448
1448 1449
1449 1450
1450 1451
1451 1452
1452 1453
1453 1454
1454 1455
1455 1456
1456 1457
1457 1458
1458 1459
1459 1460
1460 1461
1461 1462
1462 1463
1463 1464
1464 1465
1465 1466
1466 1467
1467 1468
1468 1469
1469 1470
1470 1471
1471 1472
1472 1473
1473 1474
1474 1475
1475 1476
1476 1477
1477 1478
1478 1479
1479 1480
1480 1481
1481 1482
1482 1483
1483 1484
1484 1485
1485 1486
1486 1487
1487 1488
1488 1489
1489 1490
1490 1491
1491 1492
1492 1493
1493 1494
1494 1495
1495 1496
1496 1497
1497 1498
1498 1499
1499 1500
1500 1501
1501 1502
1502 1503
1503 1504
1504 1505
1505 1506
1506 1507
1507 1508
1508 1509
1509 1510
1510 1511
1511 1512
1512 1513
1513 1514
1514 1515
1515 1516
1516 1517
1517 1518
1518 1519
1519 1520
1520 1521
1521 1522
1522 1523
1523 1524
1524 1525
1525 1526
1526 1527
1527 1528
1528 1529
1529 1530
1530 1531
1531 1532
1532 1533
1533 1534
1534 1535
1535 1536
1536 1537
1537 1538
1538 1539
1539 1540
1540 1541
1541 1542
1542 1543
1543 1544
1544 1545
1545 1546
1546 1547
1547 1548
1548 1549
1549 1550
1550 1551
1551 1552
1552 1553
1553 1554
1554 1555
1555 1556
1556 1557
1557 1558
1558 1559
1559 1560
1560 1561
1561 1562
1562 1563
1563 1564
1564 1565
1565 1566
1566 1567
1567 1568
1568 1569
1569 1570
1570 1571
1571 1572
1572 1573
1573 1574
1574 1575
1575 1576
1576 1577
1577 1578
1578 1579
1579 1580
1580 1581
1581 1582
1582 1583
1583 1584
1584 1585
1585 1586
1586 1587
1587 1588
1588 1589
1589 1590
1590 1591
1591 1592
1592 1593
1593 1594
1594 1595
1595 1596
1596 1597
1597 1598
1598 1599
1599 1600
1600 1601
1601 1602
1602 1603
1603 1604
1604 1605
1605 1606
1606 1607
1607 1608
1608 1609
1609 1610
1610 1611
1611 1612
1612 1613
1613 1614
1614 1615
1615 1616
1616 1617
1617 1618
1618 1619
1619 1620
1620 1621
1621 1622
1622 1623
1623 1624
1624 1625
1625 1626
1626 1627
1627 1628
1628 1629
1629 1630
1630 1631
1631 1632
1632 1633
1633 1634
1634 1635
1635 1636
1636 1637
1637 1638
1638 1639
1639 1640
1640 1641
1641 1642
1642 1643
1643 1644
1644 1645
1645 1646
1646 1647
1647 1648
1648 1649
1649 1650
1650 1651
1651 1652
1652 1653
1653 1654
1654 1655
1655 1656
1656 1657
1657 1658
1658 1659
1659 1660
1660 1661
1661 1662
1662 1663
1663 1664
1664 1665
1665 1666
1666 1667
1667 1668
1668 1669
1669 1670
1670 1671
1671 1672
1672 1673
1673 1674
1674 1675
1675 1676
