36
0,50,10
0,50,-10
20,50,10
20,50,-10
40,50,10
40,50,-10
60,50,10
60,50,-10
0,-50,10
0,-50,-10
20,-50,10
20,-50,-10
40,-50,10
40,-50,-10
60,-50,-10
60,-50,10
-30,20,30
-30,20,-30
-30,-20,30
-30,-20,-30
70,20,30
70,20,-30
70,-20,30
70,-20,-30
-30,20,0
70,20,0
-30,-20,0
70,-20,0
10,50,30
10,50,-30
10,-50,30
10,-50,-30
-10,50,30
-10,50,-30
-10,-50,30
-10,-50,-30
53
0 1
1 3
0 2
2 4
1 5
3 7
2 6
4 8
5 6
6 7
5 9
7 11
9 10
10 11
8 9
10 12
11 13
8 12
4 13
12 13
3 4
1 5
6 0
6 2
4 8
7 11
5 9
7 11
9 10
10 12
8 12
12 13
13 8
13 7
13 6
9 5
6 2
4 0
2 0
2 1
0 1
3 1
3 7
7 11
11 10
10 9
9 5
5 1
0 4
6 8
12 13
12 8
12 4